"province","health_sector","visit_date","total_number_vaccines_administered"
"eastern cape","Private Health","2021/05/17 00:00:00","64"
"eastern cape","Private Health","2021/03/18 00:00:00","377"
"gauteng","Private Health","2022/09/04 00:00:00","51"
"limpopo","Public Health","2022/05/12 00:00:00","7901"
"north west","Private Health","2021/12/28 00:00:00","805"
"north west","Private Health","2021/03/11 00:00:00","207"
"northern cape","Private Health","2021/09/05 00:00:00","92"
"free state","Public Health","2022/11/23 00:00:00","313"
"limpopo","Private Health","2021/10/16 00:00:00","621"
"kwazulu-natal","Private Health","2022/09/25 00:00:00","2"
"northern cape","Public Health","2022/04/27 00:00:00","90"
"gauteng","Private Health","2022/08/20 00:00:00","266"
"free state","Private Health","2022/08/03 00:00:00","30"
"eastern cape","Private Health","2022/08/12 00:00:00","107"
"limpopo","Public Health","2021/07/02 00:00:00","18732"
"north west","Public Health","2021/12/13 00:00:00","3842"
"north west","Public Health","2022/07/28 00:00:00","372"
"free state","Public Health","2022/01/18 00:00:00","4463"
"western cape","Public Health","2021/09/26 00:00:00","20"
"limpopo","Private Health","2021/06/28 00:00:00","363"
"free state","Public Health","2022/07/20 00:00:00","918"
"kwazulu-natal","Public Health","2021/12/21 00:00:00","6388"
"gauteng","Public Health","2022/01/10 00:00:00","19977"
"limpopo","Public Health","2022/06/11 00:00:00","249"
"free state","Public Health","2021/05/17 00:00:00","262"
"free state","Private Health","2021/07/15 00:00:00","1641"
"western cape","Public Health","2022/08/29 00:00:00","555"
"mpumalanga","Private Health","2022/08/11 00:00:00","63"
"western cape","Private Health","2021/03/18 00:00:00","165"
"western cape","Public Health","2021/08/13 00:00:00","19163"
"kwazulu-natal","Public Health","2021/10/08 00:00:00","20593"
"kwazulu-natal","Public Health","2021/12/23 00:00:00","4345"
"eastern cape","Public Health","2022/07/19 00:00:00","2403"
"northern cape","Public Health","2022/04/03 00:00:00","1"
"limpopo","Public Health","2022/04/09 00:00:00","652"
"eastern cape","Private Health","2022/01/25 00:00:00","1827"
"free state","Private Health","2022/07/12 00:00:00","71"
"mpumalanga","Public Health","2021/07/25 00:00:00","237"
"kwazulu-natal","Public Health","2022/07/31 00:00:00","216"
"free state","Public Health","2021/02/25 00:00:00","801"
"north west","Public Health","2022/10/03 00:00:00","259"
"limpopo","Private Health","2022/10/06 00:00:00","81"
"limpopo","Private Health","2022/02/03 00:00:00","1143"
"gauteng","Private Health","2021/03/10 00:00:00","975"
"mpumalanga","Public Health","2021/09/21 00:00:00","9134"
"gauteng","Private Health","2021/03/21 00:00:00","12"
"gauteng","Public Health","2022/04/30 00:00:00","1780"
"kwazulu-natal","Public Health","2022/10/25 00:00:00","933"
"eastern cape","Private Health","2022/02/23 00:00:00","1539"
"eastern cape","Public Health","2021/11/21 00:00:00","903"
"mpumalanga","Public Health","2021/10/12 00:00:00","10403"
"kwazulu-natal","Public Health","2021/05/10 00:00:00","1710"
"kwazulu-natal","Private Health","2022/08/23 00:00:00","122"
"limpopo","Public Health","2021/07/11 00:00:00","6"
"western cape","Public Health","2022/03/25 00:00:00","7032"
"northern cape","Public Health","2022/07/23 00:00:00","129"
"northern cape","Public Health","2021/08/29 00:00:00","898"
"mpumalanga","Public Health","2022/01/10 00:00:00","5304"
"eastern cape","Private Health","2021/10/21 00:00:00","3335"
"kwazulu-natal","Private Health","2022/02/11 00:00:00","2454"
"free state","Private Health","2022/01/04 00:00:00","829"
"north west","Private Health","2021/07/24 00:00:00","1074"
"limpopo","Private Health","2021/05/24 00:00:00","43"
"free state","Public Health","2021/11/10 00:00:00","9552"
"limpopo","Private Health","2021/06/08 00:00:00","187"
"free state","Private Health","2022/01/21 00:00:00","1227"
"eastern cape","Private Health","2022/06/07 00:00:00","370"
"mpumalanga","Public Health","2022/07/08 00:00:00","1453"
"kwazulu-natal","Public Health","2022/01/26 00:00:00","10245"
"mpumalanga","Public Health","2022/01/25 00:00:00","4021"
"kwazulu-natal","Public Health","2021/09/28 00:00:00","16047"
"gauteng","Private Health","2022/03/06 00:00:00","714"
"free state","Public Health","2021/08/20 00:00:00","8910"
"free state","Private Health","2021/08/30 00:00:00","3242"
"eastern cape","Private Health","2021/09/15 00:00:00","4588"
"northern cape","Private Health","2021/12/11 00:00:00","157"
"western cape","Private Health","2022/01/05 00:00:00","3127"
"kwazulu-natal","Private Health","2021/10/17 00:00:00","856"
"free state","Private Health","2021/10/04 00:00:00","3415"
"eastern cape","Private Health","2021/09/25 00:00:00","657"
"gauteng","Private Health","2021/12/18 00:00:00","4080"
"western cape","Public Health","2021/04/09 00:00:00","306"
"gauteng","Private Health","2021/10/08 00:00:00","36162"
"kwazulu-natal","Private Health","2022/05/27 00:00:00","766"
"north west","Public Health","2021/05/06 00:00:00","536"
"northern cape","Public Health","2022/08/17 00:00:00","211"
"mpumalanga","Private Health","2022/11/17 00:00:00","3"
"western cape","Private Health","2021/09/02 00:00:00","14727"
"mpumalanga","Private Health","2022/08/24 00:00:00","34"
"eastern cape","Public Health","2022/04/24 00:00:00","254"
"kwazulu-natal","Public Health","2022/04/04 00:00:00","6543"
"eastern cape","Private Health","2021/07/30 00:00:00","4129"
"mpumalanga","Public Health","2021/11/19 00:00:00","5635"
"gauteng","Private Health","2021/12/06 00:00:00","18299"
"eastern cape","Private Health","2022/11/08 00:00:00","21"
"western cape","Public Health","2021/02/20 00:00:00","61"
"western cape","Public Health","2022/06/09 00:00:00","2528"
"free state","Public Health","2021/06/25 00:00:00","6919"
"eastern cape","Public Health","2022/08/22 00:00:00","2455"
"free state","Public Health","2021/05/20 00:00:00","438"
"free state","Private Health","2021/10/07 00:00:00","3278"
"gauteng","Public Health","2022/06/30 00:00:00","2412"
"northern cape","Private Health","2022/01/15 00:00:00","102"
"western cape","Private Health","2022/09/30 00:00:00","55"
"free state","Public Health","2021/09/24 00:00:00","625"
"north west","Private Health","2022/03/04 00:00:00","2567"
"north west","Private Health","2022/06/30 00:00:00","181"
"limpopo","Private Health","2022/11/04 00:00:00","36"
"kwazulu-natal","Private Health","2022/11/23 00:00:00","23"
"mpumalanga","Public Health","2021/07/05 00:00:00","6721"
"northern cape","Private Health","2022/07/10 00:00:00","4"
"limpopo","Private Health","2022/02/04 00:00:00","1142"
"free state","Private Health","2022/06/06 00:00:00","357"
"northern cape","Public Health","2021/09/27 00:00:00","1774"
"free state","Public Health","2022/10/13 00:00:00","367"
"mpumalanga","Public Health","2022/11/28 00:00:00","501"
"western cape","Public Health","2022/06/29 00:00:00","1113"
"limpopo","Public Health","2022/03/05 00:00:00","430"
"limpopo","Private Health","2022/04/27 00:00:00","120"
"northern cape","Public Health","2022/10/06 00:00:00","59"
"north west","Public Health","2021/05/25 00:00:00","3058"
"eastern cape","Public Health","2021/09/21 00:00:00","18004"
"western cape","Private Health","2021/08/03 00:00:00","11133"
"north west","Public Health","2021/07/19 00:00:00","9486"
"free state","Private Health","2022/08/20 00:00:00","2"
"eastern cape","Private Health","2022/05/08 00:00:00","1"
"kwazulu-natal","Private Health","2022/05/15 00:00:00","77"
"kwazulu-natal","Private Health","2022/05/10 00:00:00","1211"
"north west","Public Health","2022/11/04 00:00:00","344"
"mpumalanga","Public Health","2021/05/29 00:00:00","34"
"north west","Private Health","2021/07/01 00:00:00","620"
"free state","Private Health","2022/06/18 00:00:00","38"
"mpumalanga","Public Health","2021/08/27 00:00:00","12817"
"free state","Private Health","2022/04/14 00:00:00","799"
"northern cape","Private Health","2022/09/23 00:00:00","1"
"gauteng","Private Health","2021/06/27 00:00:00","557"
"gauteng","Public Health","2022/10/17 00:00:00","1331"
"free state","Private Health","2021/10/14 00:00:00","2988"
"eastern cape","Public Health","2022/04/27 00:00:00","1550"
"mpumalanga","Private Health","2022/04/10 00:00:00","4"
"gauteng","Private Health","2021/06/11 00:00:00","7895"
"mpumalanga","Public Health","2021/06/02 00:00:00","5340"
"gauteng","Public Health","2022/01/29 00:00:00","2980"
"kwazulu-natal","Private Health","2022/02/23 00:00:00","2725"
"kwazulu-natal","Public Health","2021/11/15 00:00:00","13386"
"north west","Private Health","2021/06/04 00:00:00","261"
"north west","Public Health","2021/03/30 00:00:00","299"
"eastern cape","Public Health","2022/11/13 00:00:00","8"
"free state","Public Health","2021/03/24 00:00:00","659"
"mpumalanga","Public Health","2022/05/06 00:00:00","3572"
"eastern cape","Public Health","2021/06/05 00:00:00","1"
"eastern cape","Private Health","2021/05/31 00:00:00","870"
"free state","Public Health","2022/09/01 00:00:00","679"
"mpumalanga","Private Health","2022/08/18 00:00:00","60"
"gauteng","Public Health","2021/04/07 00:00:00","1413"
"northern cape","Public Health","2021/02/18 00:00:00","177"
"limpopo","Public Health","2021/06/06 00:00:00","6"
"gauteng","Public Health","2022/02/10 00:00:00","13794"
"north west","Public Health","2022/07/02 00:00:00","190"
"north west","Private Health","2021/03/21 00:00:00","1"
"mpumalanga","","2022/10/24 00:00:00","1"
"kwazulu-natal","Public Health","2021/03/01 00:00:00","704"
"eastern cape","Private Health","2022/09/22 00:00:00","24"
"gauteng","Private Health","2022/05/28 00:00:00","1823"
"eastern cape","Public Health","2021/04/09 00:00:00","1119"
"north west","Public Health","2022/03/22 00:00:00","4271"
"free state","Public Health","2022/01/08 00:00:00","428"
"gauteng","Private Health","2021/07/11 00:00:00","2797"
"north west","Public Health","2022/03/24 00:00:00","5314"
"free state","Public Health","2022/08/11 00:00:00","918"
"mpumalanga","Public Health","2021/03/16 00:00:00","131"
"western cape","Public Health","2021/03/23 00:00:00","1667"
"northern cape","Private Health","2021/09/12 00:00:00","66"
"northern cape","Public Health","2022/02/06 00:00:00","103"
"kwazulu-natal","Public Health","2022/10/07 00:00:00","684"
"kwazulu-natal","Public Health","2021/05/14 00:00:00","1467"
"north west","Public Health","2021/07/02 00:00:00","6810"
"free state","Private Health","2022/03/03 00:00:00","1257"
"limpopo","Private Health","2021/07/04 00:00:00","15"
"kwazulu-natal","Public Health","2022/06/10 00:00:00","4752"
"north west","Private Health","2021/12/09 00:00:00","1877"
"gauteng","Public Health","2022/08/04 00:00:00","1494"
"north west","Private Health","2021/06/22 00:00:00","198"
"free state","Public Health","2021/11/08 00:00:00","5172"
"eastern cape","Public Health","2021/03/26 00:00:00","1153"
"mpumalanga","Public Health","2021/09/02 00:00:00","15679"
"western cape","Private Health","2022/09/02 00:00:00","140"
"western cape","Private Health","2021/09/08 00:00:00","14281"
"gauteng","Private Health","2021/09/21 00:00:00","25278"
"mpumalanga","Private Health","2021/11/11 00:00:00","1731"
"free state","Private Health","2022/11/16 00:00:00","23"
"kwazulu-natal","Private Health","2021/11/20 00:00:00","2463"
"mpumalanga","Private Health","2022/08/10 00:00:00","65"
"eastern cape","Private Health","2022/11/24 00:00:00","23"
"free state","Private Health","2022/05/02 00:00:00","91"
"northern cape","Private Health","2021/08/19 00:00:00","637"
"mpumalanga","Private Health","2021/07/22 00:00:00","1768"
"kwazulu-natal","Private Health","2022/04/07 00:00:00","1518"
"kwazulu-natal","Public Health","2021/09/11 00:00:00","7444"
"free state","Private Health","2021/10/25 00:00:00","2532"
"limpopo","Private Health","2022/06/29 00:00:00","393"
"mpumalanga","Private Health","2021/05/19 00:00:00","3"
"western cape","Public Health","2021/11/13 00:00:00","8136"
"northern cape","Private Health","2022/01/18 00:00:00","556"
"gauteng","Public Health","2022/11/04 00:00:00","652"
"north west","Private Health","2022/02/23 00:00:00","1008"
"mpumalanga","Public Health","2022/08/02 00:00:00","1281"
"eastern cape","Private Health","2021/06/01 00:00:00","1049"
"kwazulu-natal","Private Health","2022/03/05 00:00:00","2756"
"kwazulu-natal","Private Health","2021/10/02 00:00:00","5747"
"limpopo","Private Health","2021/08/31 00:00:00","4555"
"gauteng","Private Health","2021/05/15 00:00:00","833"
"free state","Public Health","2022/05/08 00:00:00","10"
"western cape","Private Health","2021/09/21 00:00:00","11133"
"free state","Private Health","2022/01/26 00:00:00","1119"
"gauteng","Public Health","2022/01/26 00:00:00","14624"
"gauteng","Private Health","2022/10/18 00:00:00","201"
"kwazulu-natal","Public Health","2022/01/15 00:00:00","2822"
"north west","Public Health","2021/03/13 00:00:00","42"
"eastern cape","Public Health","2022/10/21 00:00:00","1380"
"north west","Private Health","2021/06/08 00:00:00","246"
"free state","Private Health","2022/09/16 00:00:00","28"
"mpumalanga","Public Health","2021/11/06 00:00:00","2670"
"eastern cape","Public Health","2022/04/09 00:00:00","2072"
"western cape","Private Health","2022/10/25 00:00:00","10"
"gauteng","Public Health","2021/10/21 00:00:00","34353"
"northern cape","Public Health","2021/07/16 00:00:00","2979"
"gauteng","Public Health","2021/11/30 00:00:00","34571"
"north west","Private Health","2022/11/11 00:00:00","15"
"free state","Public Health","2021/10/29 00:00:00","10432"
"gauteng","Private Health","2021/03/26 00:00:00","1082"
"limpopo","Private Health","2022/10/19 00:00:00","53"
"mpumalanga","Public Health","2022/11/23 00:00:00","479"
"eastern cape","Private Health","2022/08/06 00:00:00","18"
"limpopo","Public Health","2021/09/10 00:00:00","11700"
"free state","Private Health","2022/03/04 00:00:00","1299"
"free state","Public Health","2021/05/27 00:00:00","4200"
"kwazulu-natal","Public Health","2022/01/24 00:00:00","10167"
"limpopo","Private Health","2022/03/16 00:00:00","1463"
"western cape","Public Health","2022/03/29 00:00:00","4966"
"north west","Private Health","2022/12/12 00:00:00","15"
"limpopo","Private Health","2021/06/27 00:00:00","1"
"free state","Private Health","2022/10/05 00:00:00","31"
"mpumalanga","Private Health","2021/10/26 00:00:00","2131"
"north west","Public Health","2021/02/26 00:00:00","550"
"free state","Private Health","2022/09/07 00:00:00","54"
"mpumalanga","Private Health","2022/04/14 00:00:00","559"
"western cape","Public Health","2021/10/28 00:00:00","23676"
"mpumalanga","Public Health","2022/06/15 00:00:00","2744"
"free state","Public Health","2022/10/21 00:00:00","222"
"mpumalanga","Private Health","2022/03/20 00:00:00","1"
"western cape","Public Health","2021/12/20 00:00:00","4728"
"mpumalanga","Public Health","2022/06/03 00:00:00","3057"
"western cape","Public Health","2021/08/17 00:00:00","25471"
"north west","Public Health","2021/09/14 00:00:00","11988"
"limpopo","Private Health","2022/06/21 00:00:00","371"
"north west","Public Health","2022/05/18 00:00:00","2678"
"northern cape","Private Health","2021/10/11 00:00:00","952"
"kwazulu-natal","Public Health","2022/11/10 00:00:00","730"
"free state","Public Health","2022/01/07 00:00:00","5475"
"western cape","Private Health","2021/12/30 00:00:00","2551"
"northern cape","Public Health","2022/05/08 00:00:00","20"
"kwazulu-natal","Private Health","2022/03/03 00:00:00","3745"
"free state","Private Health","2021/03/11 00:00:00","88"
"western cape","Private Health","2022/10/07 00:00:00","45"
"western cape","Public Health","2022/08/27 00:00:00","9"
"kwazulu-natal","Public Health","2021/12/24 00:00:00","1589"
"limpopo","Private Health","2021/08/10 00:00:00","2507"
"mpumalanga","Public Health","2022/10/08 00:00:00","30"
"north west","Public Health","2021/09/22 00:00:00","10595"
"western cape","Public Health","2021/05/19 00:00:00","1778"
"mpumalanga","Public Health","2021/08/21 00:00:00","3106"
"gauteng","Public Health","2021/05/03 00:00:00","948"
"free state","Public Health","2022/03/17 00:00:00","5324"
"gauteng","Public Health","2022/06/18 00:00:00","565"
"limpopo","Public Health","2022/09/21 00:00:00","676"
"western cape","Public Health","2022/06/03 00:00:00","2675"
"free state","Private Health","2022/10/24 00:00:00","48"
"limpopo","Private Health","2021/06/24 00:00:00","255"
"north west","Public Health","2022/04/10 00:00:00","973"
"north west","Public Health","2022/01/05 00:00:00","3497"
"free state","Public Health","2021/06/02 00:00:00","5194"
"western cape","Private Health","2021/07/25 00:00:00","720"
"north west","Public Health","2022/11/22 00:00:00","469"
"kwazulu-natal","Private Health","2022/03/07 00:00:00","3156"
"free state","Public Health","2021/05/19 00:00:00","520"
"northern cape","Private Health","2022/11/08 00:00:00","5"
"mpumalanga","Public Health","2021/04/08 00:00:00","429"
"free state","Public Health","2021/06/03 00:00:00","4931"
"limpopo","Private Health","2021/08/14 00:00:00","214"
"gauteng","Private Health","2021/12/20 00:00:00","11768"
"free state","Public Health","2021/12/06 00:00:00","7386"
"free state","Private Health","2022/01/16 00:00:00","1"
"limpopo","Private Health","2022/03/05 00:00:00","655"
"northern cape","Public Health","2021/08/05 00:00:00","3837"
"mpumalanga","Private Health","2022/10/03 00:00:00","4"
"north west","Private Health","2022/08/13 00:00:00","37"
"northern cape","Private Health","2022/02/23 00:00:00","457"
"mpumalanga","Private Health","2021/06/06 00:00:00","1"
"gauteng","Private Health","2022/06/02 00:00:00","2723"
"limpopo","Public Health","2021/02/19 00:00:00","75"
"free state","Private Health","2022/11/01 00:00:00","6"
"north west","Private Health","2022/04/23 00:00:00","199"
"north west","Private Health","2022/02/03 00:00:00","788"
"limpopo","Public Health","2022/02/13 00:00:00","155"
"north west","Public Health","2021/05/27 00:00:00","2750"
"mpumalanga","Public Health","2021/03/12 00:00:00","167"
"western cape","Public Health","2022/04/21 00:00:00","3368"
"limpopo","Private Health","2022/01/15 00:00:00","517"
"mpumalanga","Private Health","2022/09/05 00:00:00","47"
"free state","Private Health","2022/02/14 00:00:00","884"
"free state","Private Health","2021/10/23 00:00:00","660"
"western cape","Private Health","2022/07/19 00:00:00","368"
"free state","Public Health","2021/07/19 00:00:00","11375"
"gauteng","Public Health","2021/05/11 00:00:00","2571"
"western cape","Private Health","2022/08/14 00:00:00","5"
"free state","Public Health","2021/08/29 00:00:00","1141"
"free state","Private Health","2022/06/25 00:00:00","35"
"eastern cape","Public Health","2021/10/21 00:00:00","18251"
"free state","Private Health","2022/08/09 00:00:00","18"
"western cape","Private Health","2021/03/31 00:00:00","495"
"limpopo","Public Health","2021/09/12 00:00:00","115"
"gauteng","Public Health","2022/07/15 00:00:00","1390"
"gauteng","Public Health","2022/02/25 00:00:00","16685"
"kwazulu-natal","Public Health","2022/01/25 00:00:00","10319"
"north west","Public Health","2022/06/28 00:00:00","862"
"north west","Private Health","2022/01/08 00:00:00","252"
"western cape","Private Health","2021/06/28 00:00:00","3108"
"north west","Private Health","2022/04/29 00:00:00","909"
"western cape","Private Health","2022/12/07 00:00:00","25"
"north west","Private Health","2021/12/06 00:00:00","2240"
"northern cape","Public Health","2021/09/30 00:00:00","2132"
"kwazulu-natal","Public Health","2022/11/30 00:00:00","621"
"northern cape","Public Health","2022/02/02 00:00:00","729"
"kwazulu-natal","Private Health","2022/01/23 00:00:00","441"
"western cape","Private Health","2022/11/18 00:00:00","34"
"free state","Private Health","2021/07/08 00:00:00","1200"
"eastern cape","Private Health","2021/10/12 00:00:00","3590"
"western cape","Private Health","2022/04/11 00:00:00","2480"
"gauteng","Public Health","2022/07/04 00:00:00","2152"
"limpopo","Private Health","2022/08/02 00:00:00","231"
"north west","Private Health","2022/03/14 00:00:00","1118"
"eastern cape","Public Health","2022/05/21 00:00:00","410"
"eastern cape","Private Health","2022/09/19 00:00:00","25"
"limpopo","Public Health","2021/03/26 00:00:00","563"
"kwazulu-natal","Public Health","2022/06/19 00:00:00","440"
"mpumalanga","Public Health","2021/10/25 00:00:00","8988"
"kwazulu-natal","Private Health","2022/01/07 00:00:00","4005"
"mpumalanga","Public Health","2021/07/24 00:00:00","1089"
"northern cape","Public Health","2022/06/08 00:00:00","1149"
"north west","Private Health","2022/03/11 00:00:00","1386"
"gauteng","Private Health","2021/12/13 00:00:00","14397"
"gauteng","Public Health","2021/03/12 00:00:00","1156"
"kwazulu-natal","Private Health","2022/08/14 00:00:00","4"
"western cape","Public Health","2022/09/05 00:00:00","531"
"north west","Public Health","2021/03/12 00:00:00","211"
"mpumalanga","Public Health","2022/05/08 00:00:00","112"
"northern cape","Private Health","2021/12/16 00:00:00","66"
"limpopo","Private Health","2022/09/18 00:00:00","1"
"limpopo","Public Health","2022/06/22 00:00:00","4428"
"free state","Public Health","2022/08/12 00:00:00","598"
"north west","Private Health","2021/06/01 00:00:00","384"
"mpumalanga","Public Health","2022/11/04 00:00:00","672"
"eastern cape","Public Health","2021/04/06 00:00:00","962"
"free state","Public Health","2022/03/07 00:00:00","6171"
"eastern cape","Private Health","2022/07/29 00:00:00","199"
"western cape","Public Health","2021/12/04 00:00:00","5391"
"western cape","Public Health","2022/01/25 00:00:00","7372"
"free state","Public Health","2021/10/01 00:00:00","9515"
"western cape","Private Health","2022/01/20 00:00:00","4776"
"kwazulu-natal","Public Health","2021/09/06 00:00:00","18908"
"kwazulu-natal","Private Health","2021/03/16 00:00:00","959"
"limpopo","Private Health","2021/07/27 00:00:00","3943"
"limpopo","Private Health","2021/12/07 00:00:00","2155"
"free state","Public Health","2022/10/17 00:00:00","213"
"limpopo","Private Health","2022/04/02 00:00:00","376"
"limpopo","Public Health","2022/06/03 00:00:00","4923"
"mpumalanga","Public Health","2022/10/03 00:00:00","372"
"eastern cape","Public Health","2021/02/19 00:00:00","233"
"gauteng","Private Health","2021/12/05 00:00:00","1804"
"eastern cape","Public Health","2021/07/29 00:00:00","21965"
"gauteng","Private Health","2022/09/03 00:00:00","468"
"eastern cape","Private Health","2021/12/16 00:00:00","265"
"free state","Private Health","2022/06/24 00:00:00","258"
"western cape","Public Health","2021/03/19 00:00:00","352"
"eastern cape","Private Health","2021/06/28 00:00:00","1430"
"eastern cape","Private Health","2021/03/23 00:00:00","251"
"limpopo","Public Health","2022/04/28 00:00:00","7456"
"northern cape","Public Health","2022/02/23 00:00:00","1083"
"kwazulu-natal","Private Health","2022/07/19 00:00:00","221"
"northern cape","Private Health","2022/02/25 00:00:00","543"
"western cape","Public Health","2021/11/20 00:00:00","2129"
"gauteng","Public Health","2021/05/05 00:00:00","1657"
"western cape","Private Health","2021/02/20 00:00:00","733"
"eastern cape","Public Health","2022/05/24 00:00:00","8512"
"mpumalanga","Private Health","2021/10/19 00:00:00","2360"
"limpopo","Public Health","2021/07/15 00:00:00","23837"
"eastern cape","Public Health","2022/03/31 00:00:00","7109"
"kwazulu-natal","Public Health","2022/03/19 00:00:00","1645"
"mpumalanga","Private Health","2022/02/12 00:00:00","208"
"free state","Private Health","2022/05/25 00:00:00","663"
"gauteng","Public Health","2022/09/21 00:00:00","1030"
"kwazulu-natal","Public Health","2022/08/12 00:00:00","2019"
"free state","Public Health","2021/06/04 00:00:00","5515"
"kwazulu-natal","Public Health","2021/12/01 00:00:00","16201"
"north west","Private Health","2022/04/25 00:00:00","1039"
"eastern cape","Public Health","2021/09/23 00:00:00","16479"
"eastern cape","Public Health","2022/07/07 00:00:00","2159"
"northern cape","Private Health","2022/06/27 00:00:00","54"
"free state","Public Health","2022/05/20 00:00:00","2390"
"mpumalanga","Public Health","2022/04/21 00:00:00","4417"
"gauteng","Private Health","2021/12/14 00:00:00","15181"
"gauteng","Private Health","2021/08/27 00:00:00","40698"
"mpumalanga","Public Health","2022/01/06 00:00:00","4475"
"northern cape","Private Health","2021/12/04 00:00:00","301"
"limpopo","Private Health","2021/08/01 00:00:00","5"
"mpumalanga","Private Health","2021/05/13 00:00:00","1"
"north west","Private Health","2022/09/01 00:00:00","32"
"gauteng","Private Health","2022/05/03 00:00:00","5532"
"kwazulu-natal","Private Health","2021/08/17 00:00:00","7282"
"eastern cape","Private Health","2022/10/04 00:00:00","19"
"kwazulu-natal","Public Health","2022/03/15 00:00:00","9472"
"north west","Public Health","2022/04/09 00:00:00","1389"
"eastern cape","Public Health","2022/06/13 00:00:00","4621"
"gauteng","Private Health","2021/08/23 00:00:00","34016"
"free state","Public Health","2021/10/03 00:00:00","3275"
"north west","Public Health","2021/12/23 00:00:00","1934"
"north west","Private Health","2021/06/09 00:00:00","172"
"gauteng","Public Health","2022/04/14 00:00:00","6181"
"eastern cape","Private Health","2022/11/22 00:00:00","9"
"eastern cape","Private Health","2022/05/25 00:00:00","662"
"north west","Public Health","2022/04/30 00:00:00","939"
"north west","Private Health","2021/09/20 00:00:00","3867"
"gauteng","Private Health","2021/07/20 00:00:00","27441"
"limpopo","Public Health","2022/08/02 00:00:00","1127"
"eastern cape","Private Health","2021/03/04 00:00:00","351"
"western cape","Public Health","2021/10/26 00:00:00","23272"
"northern cape","Public Health","2021/03/29 00:00:00","204"
"north west","Public Health","2022/07/15 00:00:00","378"
"north west","Public Health","2021/10/12 00:00:00","9857"
"mpumalanga","Private Health","2022/11/28 00:00:00","3"
"free state","Private Health","2022/07/15 00:00:00","100"
"kwazulu-natal","Public Health","2022/11/11 00:00:00","745"
"northern cape","Private Health","2022/05/29 00:00:00","64"
"limpopo","Public Health","2022/04/10 00:00:00","234"
"western cape","Public Health","2021/04/07 00:00:00","990"
"eastern cape","Public Health","2021/08/28 00:00:00","2372"
"north west","Private Health","2022/01/10 00:00:00","1596"
"north west","Public Health","2022/04/07 00:00:00","3951"
"limpopo","Public Health","2021/06/14 00:00:00","18273"
"free state","Public Health","2022/04/04 00:00:00","3172"
"north west","Private Health","2021/12/19 00:00:00","12"
"kwazulu-natal","Private Health","2022/10/20 00:00:00","37"
"limpopo","Private Health","2021/08/02 00:00:00","2971"
"kwazulu-natal","Public Health","2021/10/26 00:00:00","19852"
"gauteng","Public Health","2021/06/16 00:00:00","66"
"western cape","Private Health","2022/01/22 00:00:00","1157"
"gauteng","Public Health","2022/06/28 00:00:00","2588"
"limpopo","Public Health","2022/10/12 00:00:00","1098"
"gauteng","Private Health","2022/09/06 00:00:00","341"
"eastern cape","Private Health","2022/04/28 00:00:00","1084"
"western cape","Public Health","2021/06/13 00:00:00","1"
"kwazulu-natal","Private Health","2022/07/24 00:00:00","1"
"eastern cape","Public Health","2021/09/30 00:00:00","11191"
"free state","Public Health","2021/02/19 00:00:00","287"
"eastern cape","Public Health","2021/10/07 00:00:00","18237"
"north west","Public Health","2022/04/12 00:00:00","3535"
"limpopo","Private Health","2021/07/17 00:00:00","290"
"limpopo","Private Health","2021/10/29 00:00:00","3292"
"kwazulu-natal","Private Health","2022/08/17 00:00:00","130"
"gauteng","Private Health","2022/09/30 00:00:00","396"
"mpumalanga","Public Health","2021/03/06 00:00:00","1"
"north west","Private Health","2022/07/24 00:00:00","4"
"free state","Private Health","2021/03/08 00:00:00","56"
"western cape","Public Health","2021/02/28 00:00:00","902"
"kwazulu-natal","Public Health","2021/05/01 00:00:00","648"
"eastern cape","Private Health","2021/11/25 00:00:00","2516"
"western cape","Public Health","2022/09/07 00:00:00","560"
"western cape","Public Health","2021/03/12 00:00:00","938"
"kwazulu-natal","Private Health","2021/08/14 00:00:00","1893"
"north west","Private Health","2021/12/24 00:00:00","434"
"limpopo","Public Health","2021/11/17 00:00:00","10553"
"gauteng","Private Health","2021/09/10 00:00:00","38814"
"mpumalanga","Public Health","2022/12/04 00:00:00","83"
"limpopo","Public Health","2022/10/15 00:00:00","183"
"gauteng","Public Health","2021/06/07 00:00:00","12652"
"limpopo","Public Health","2021/05/25 00:00:00","7389"
"gauteng","Private Health","2021/08/16 00:00:00","21808"
"kwazulu-natal","Public Health","2022/09/20 00:00:00","712"
"northern cape","Public Health","2021/02/17 00:00:00","20"
"gauteng","Public Health","2022/08/09 00:00:00","65"
"gauteng","Public Health","2022/06/26 00:00:00","46"
"northern cape","Private Health","2021/12/13 00:00:00","559"
"western cape","Public Health","2022/11/04 00:00:00","525"
"limpopo","Private Health","2021/03/02 00:00:00","1"
"free state","Public Health","2022/10/27 00:00:00","454"
"limpopo","Public Health","2021/10/20 00:00:00","26107"
"northern cape","Private Health","2021/03/05 00:00:00","20"
"kwazulu-natal","Private Health","2022/03/10 00:00:00","2761"
"northern cape","Public Health","2021/02/20 00:00:00","89"
"eastern cape","Public Health","2021/06/10 00:00:00","7611"
"free state","Private Health","2021/10/28 00:00:00","2514"
"gauteng","Private Health","2021/09/25 00:00:00","6427"
"free state","Public Health","2021/10/08 00:00:00","9912"
"free state","Private Health","2021/12/06 00:00:00","1965"
"north west","Private Health","2021/03/09 00:00:00","150"
"free state","Public Health","2022/02/06 00:00:00","1"
"eastern cape","Public Health","2022/06/29 00:00:00","2498"
"kwazulu-natal","Public Health","2022/03/17 00:00:00","10593"
"eastern cape","Private Health","2022/05/13 00:00:00","1046"
"northern cape","Public Health","2022/02/08 00:00:00","669"
"free state","Public Health","2021/08/04 00:00:00","8314"
"north west","Private Health","2022/05/08 00:00:00","1"
"kwazulu-natal","Private Health","2021/08/18 00:00:00","7952"
"free state","Private Health","2021/06/25 00:00:00","578"
"northern cape","Public Health","2021/12/29 00:00:00","428"
"north west","Private Health","2022/04/17 00:00:00","14"
"north west","Public Health","2021/10/31 00:00:00","4170"
"eastern cape","Public Health","2022/11/07 00:00:00","1925"
"mpumalanga","Public Health","2021/02/17 00:00:00","2"
"kwazulu-natal","Public Health","2022/05/09 00:00:00","8379"
"eastern cape","Private Health","2022/11/07 00:00:00","28"
"north west","Private Health","2021/12/23 00:00:00","778"
"eastern cape","Public Health","2022/08/03 00:00:00","2896"
"northern cape","Private Health","2021/10/16 00:00:00","402"
"northern cape","Public Health","2021/09/21 00:00:00","3754"
"eastern cape","Private Health","2022/03/19 00:00:00","590"
"free state","Public Health","2022/10/18 00:00:00","305"
"north west","Private Health","2022/10/18 00:00:00","14"
"gauteng","Private Health","2022/09/19 00:00:00","267"
"mpumalanga","Public Health","2021/07/09 00:00:00","6850"
"eastern cape","Public Health","2022/11/11 00:00:00","1704"
"eastern cape","Public Health","2021/05/07 00:00:00","1840"
"kwazulu-natal","Public Health","2022/10/17 00:00:00","728"
"limpopo","Private Health","2021/08/07 00:00:00","96"
"north west","Public Health","2022/01/25 00:00:00","4105"
"northern cape","Private Health","2021/08/04 00:00:00","694"
"north west","Private Health","2022/10/17 00:00:00","32"
"north west","Public Health","2021/11/21 00:00:00","3317"
"limpopo","Public Health","2021/03/11 00:00:00","461"
"eastern cape","Public Health","2022/11/03 00:00:00","1898"
"northern cape","Private Health","2022/03/25 00:00:00","537"
"western cape","Private Health","2022/08/23 00:00:00","210"
"kwazulu-natal","Private Health","2022/09/04 00:00:00","2"
"free state","Public Health","2021/11/21 00:00:00","161"
"western cape","Public Health","2022/07/17 00:00:00","4"
"kwazulu-natal","Public Health","2022/09/26 00:00:00","915"
"kwazulu-natal","Private Health","2022/07/20 00:00:00","232"
"eastern cape","Public Health","2021/08/25 00:00:00","34024"
"limpopo","Public Health","2021/10/25 00:00:00","20128"
"limpopo","Private Health","2022/11/16 00:00:00","58"
"limpopo","Public Health","2022/03/15 00:00:00","6754"
"gauteng","Public Health","2021/08/22 00:00:00","2995"
"western cape","Public Health","2021/09/30 00:00:00","18501"
"limpopo","Public Health","2021/10/18 00:00:00","17708"
"northern cape","Public Health","2022/07/30 00:00:00","1"
"eastern cape","Private Health","2021/03/12 00:00:00","99"
"western cape","Private Health","2022/02/06 00:00:00","131"
"gauteng","Private Health","2022/11/28 00:00:00","240"
"limpopo","Public Health","2022/06/19 00:00:00","34"
"limpopo","Private Health","2022/06/25 00:00:00","68"
"free state","Private Health","2022/02/10 00:00:00","684"
"north west","Public Health","2022/02/18 00:00:00","3898"
"eastern cape","Public Health","2022/10/08 00:00:00","3"
"northern cape","Public Health","2022/04/28 00:00:00","1124"
"north west","Private Health","2021/12/01 00:00:00","2639"
"free state","Private Health","2021/12/04 00:00:00","320"
"mpumalanga","Public Health","2021/05/08 00:00:00","31"
"gauteng","Public Health","2021/11/22 00:00:00","21640"
"kwazulu-natal","Public Health","2021/06/20 00:00:00","903"
"free state","Private Health","2021/07/06 00:00:00","1030"
"eastern cape","Public Health","2021/10/15 00:00:00","15242"
"limpopo","Public Health","2022/04/24 00:00:00","34"
"limpopo","Public Health","2022/06/28 00:00:00","1524"
"mpumalanga","Private Health","2021/07/09 00:00:00","1109"
"kwazulu-natal","Public Health","2022/02/18 00:00:00","9730"
"mpumalanga","Public Health","2022/01/28 00:00:00","4042"
"north west","Private Health","2022/03/16 00:00:00","1116"
"free state","Public Health","2022/09/07 00:00:00","551"
"kwazulu-natal","Private Health","2021/07/28 00:00:00","6755"
"western cape","Private Health","2021/06/06 00:00:00","64"
"mpumalanga","Public Health","2021/11/16 00:00:00","5986"
"mpumalanga","Public Health","2022/10/14 00:00:00","417"
"northern cape","Public Health","2021/05/05 00:00:00","141"
"northern cape","Public Health","2022/05/27 00:00:00","1134"
"free state","Public Health","2022/04/18 00:00:00","32"
"northern cape","Private Health","2021/05/20 00:00:00","23"
"western cape","Private Health","2022/02/08 00:00:00","4300"
"north west","Private Health","2022/01/16 00:00:00","10"
"western cape","Public Health","2021/05/15 00:00:00","1"
"kwazulu-natal","Private Health","2022/01/18 00:00:00","3201"
"kwazulu-natal","Public Health","2022/05/08 00:00:00","589"
"gauteng","Public Health","2022/11/21 00:00:00","1453"
"north west","Public Health","2022/02/02 00:00:00","3952"
"limpopo","Private Health","2022/02/16 00:00:00","1073"
"free state","Public Health","2022/01/23 00:00:00","48"
"free state","Public Health","2021/08/10 00:00:00","7668"
"mpumalanga","Public Health","2021/07/13 00:00:00","8153"
"north west","Private Health","2022/02/06 00:00:00","10"
"mpumalanga","Public Health","2022/01/08 00:00:00","1698"
"western cape","Public Health","2022/11/02 00:00:00","569"
"eastern cape","Public Health","2022/06/18 00:00:00","303"
"gauteng","Public Health","2021/03/04 00:00:00","1636"
"northern cape","Public Health","2022/07/06 00:00:00","624"
"north west","Public Health","2022/10/17 00:00:00","282"
"free state","Private Health","2022/01/20 00:00:00","975"
"western cape","Private Health","2021/07/24 00:00:00","2423"
"mpumalanga","Private Health","2021/09/21 00:00:00","2827"
"northern cape","Private Health","2022/07/07 00:00:00","61"
"gauteng","Private Health","2022/01/19 00:00:00","10750"
"gauteng","Public Health","2021/10/18 00:00:00","30270"
"free state","Public Health","2022/01/06 00:00:00","5296"
"kwazulu-natal","Public Health","2022/04/16 00:00:00","357"
"free state","Public Health","2021/07/02 00:00:00","7030"
"kwazulu-natal","Public Health","2021/03/24 00:00:00","1881"
"mpumalanga","Private Health","2022/07/24 00:00:00","1"
"western cape","Public Health","2021/07/09 00:00:00","21759"
"north west","Private Health","2022/04/27 00:00:00","219"
"northern cape","Public Health","2022/07/24 00:00:00","1"
"eastern cape","Private Health","2022/09/06 00:00:00","37"
"limpopo","Private Health","2022/05/31 00:00:00","580"
"western cape","Public Health","2021/12/02 00:00:00","14830"
"free state","Private Health","2022/04/09 00:00:00","199"
"eastern cape","Private Health","2021/06/23 00:00:00","1240"
"western cape","Private Health","2022/06/15 00:00:00","1152"
"gauteng","Public Health","2022/05/02 00:00:00","961"
"western cape","Private Health","2021/12/07 00:00:00","7223"
"kwazulu-natal","Private Health","2022/12/11 00:00:00","1"
"western cape","Public Health","2022/02/20 00:00:00","15"
"limpopo","Private Health","2022/07/16 00:00:00","47"
"free state","Public Health","2022/05/19 00:00:00","3013"
"limpopo","Private Health","2022/11/12 00:00:00","8"
"northern cape","Private Health","2022/07/12 00:00:00","32"
"mpumalanga","Private Health","2022/08/19 00:00:00","45"
"northern cape","Private Health","2022/01/09 00:00:00","49"
"gauteng","Public Health","2021/09/25 00:00:00","4262"
"limpopo","Private Health","2021/07/11 00:00:00","8"
"north west","Public Health","2022/02/23 00:00:00","4582"
"gauteng","Public Health","2021/03/11 00:00:00","1334"
"kwazulu-natal","Public Health","2022/10/16 00:00:00","45"
"western cape","Private Health","2021/10/03 00:00:00","2235"
"western cape","Public Health","2021/02/17 00:00:00","61"
"gauteng","Public Health","2021/11/24 00:00:00","25556"
"western cape","Public Health","2022/08/16 00:00:00","859"
"kwazulu-natal","Private Health","2022/03/28 00:00:00","2363"
"free state","Private Health","2022/04/16 00:00:00","150"
"north west","Public Health","2022/04/18 00:00:00","1083"
"kwazulu-natal","Private Health","2021/06/22 00:00:00","2074"
"north west","Public Health","2022/09/19 00:00:00","217"
"northern cape","Public Health","2022/06/22 00:00:00","558"
"kwazulu-natal","Public Health","2022/10/04 00:00:00","673"
"mpumalanga","Public Health","2021/07/12 00:00:00","8566"
"gauteng","Private Health","2021/08/15 00:00:00","4067"
"gauteng","Public Health","2022/11/17 00:00:00","1470"
"western cape","Private Health","2022/09/08 00:00:00","214"
"kwazulu-natal","Public Health","2021/10/04 00:00:00","15660"
"gauteng","Public Health","2021/06/28 00:00:00","20213"
"kwazulu-natal","Private Health","2022/01/31 00:00:00","3025"
"western cape","Public Health","2022/06/20 00:00:00","1926"
"western cape","Private Health","2021/05/05 00:00:00","564"
"limpopo","Private Health","2022/09/11 00:00:00","12"
"kwazulu-natal","Public Health","2022/07/23 00:00:00","418"
"kwazulu-natal","Private Health","2022/02/27 00:00:00","338"
"eastern cape","Public Health","2021/10/27 00:00:00","18252"
"northern cape","Private Health","2022/03/11 00:00:00","441"
"eastern cape","Public Health","2022/01/26 00:00:00","6565"
"limpopo","Public Health","2022/12/03 00:00:00","6"
"free state","Private Health","2022/06/10 00:00:00","472"
"gauteng","Private Health","2022/08/16 00:00:00","575"
"north west","Public Health","2022/08/19 00:00:00","210"
"eastern cape","Public Health","2021/09/26 00:00:00","784"
"limpopo","Private Health","2021/06/30 00:00:00","244"
"eastern cape","Public Health","2022/06/09 00:00:00","6074"
"northern cape","Public Health","2022/01/22 00:00:00","1"
"mpumalanga","Private Health","2022/03/24 00:00:00","841"
"western cape","Public Health","2022/04/17 00:00:00","9"
"gauteng","Public Health","2021/03/10 00:00:00","2139"
"western cape","Public Health","2021/10/21 00:00:00","24954"
"kwazulu-natal","Private Health","2022/11/08 00:00:00","43"
"eastern cape","Private Health","2021/06/12 00:00:00","75"
"eastern cape","Public Health","2022/01/22 00:00:00","400"
"north west","Private Health","2021/09/27 00:00:00","4656"
"free state","Private Health","2022/04/15 00:00:00","65"
"gauteng","Public Health","2021/10/17 00:00:00","3070"
"western cape","Private Health","2022/05/19 00:00:00","1670"
"kwazulu-natal","Public Health","2022/02/07 00:00:00","8116"
"kwazulu-natal","Private Health","2022/08/26 00:00:00","88"
"mpumalanga","Public Health","2021/09/07 00:00:00","14119"
"mpumalanga","Public Health","2022/05/18 00:00:00","3967"
"limpopo","Public Health","2022/05/16 00:00:00","6500"
"gauteng","Private Health","2021/08/11 00:00:00","21687"
"kwazulu-natal","Public Health","2022/04/03 00:00:00","595"
"gauteng","Private Health","2021/05/03 00:00:00","1836"
"mpumalanga","Public Health","2021/08/29 00:00:00","205"
"northern cape","Public Health","2021/10/17 00:00:00","299"
"eastern cape","Private Health","2021/06/11 00:00:00","1279"
"northern cape","Private Health","2022/08/16 00:00:00","23"
"limpopo","Private Health","2022/06/24 00:00:00","261"
"western cape","Public Health","2021/07/27 00:00:00","23793"
"north west","Public Health","2021/08/31 00:00:00","10183"
"western cape","Public Health","2022/09/21 00:00:00","665"
"northern cape","Private Health","2022/04/03 00:00:00","13"
"northern cape","Public Health","2022/01/13 00:00:00","1655"
"western cape","Private Health","2021/12/17 00:00:00","4756"
"kwazulu-natal","Public Health","2021/08/19 00:00:00","22749"
"limpopo","Public Health","2021/03/12 00:00:00","610"
"kwazulu-natal","Public Health","2021/10/21 00:00:00","19985"
"northern cape","Private Health","2021/12/22 00:00:00","331"
"north west","Private Health","2021/07/28 00:00:00","2715"
"northern cape","Private Health","2022/05/23 00:00:00","128"
"northern cape","Private Health","2022/03/23 00:00:00","308"
"western cape","Public Health","2022/09/24 00:00:00","8"
"eastern cape","Private Health","2021/12/28 00:00:00","1317"
"north west","Public Health","2021/08/11 00:00:00","6040"
"free state","Private Health","2022/08/01 00:00:00","70"
"northern cape","Private Health","2021/12/20 00:00:00","268"
"limpopo","Private Health","2021/09/03 00:00:00","4404"
"gauteng","Public Health","2022/05/20 00:00:00","7438"
"limpopo","Public Health","2022/04/01 00:00:00","4422"
"western cape","Private Health","2021/10/20 00:00:00","8950"
"limpopo","Private Health","2021/11/14 00:00:00","152"
"gauteng","Private Health","2021/11/28 00:00:00","1711"
"eastern cape","Private Health","2021/08/22 00:00:00","10"
"limpopo","Public Health","2022/08/19 00:00:00","895"
"eastern cape","Public Health","2021/10/02 00:00:00","7669"
"western cape","Private Health","2022/04/27 00:00:00","286"
"limpopo","Private Health","2022/06/07 00:00:00","363"
"eastern cape","Public Health","2021/05/19 00:00:00","5195"
"limpopo","Public Health","2022/07/02 00:00:00","26"
"limpopo","Private Health","2022/07/13 00:00:00","201"
"gauteng","Public Health","2022/05/25 00:00:00","8255"
"north west","Private Health","2021/06/26 00:00:00","86"
"eastern cape","Public Health","2022/08/01 00:00:00","2446"
"mpumalanga","Private Health","2022/09/16 00:00:00","15"
"mpumalanga","Private Health","2021/04/13 00:00:00","44"
"kwazulu-natal","Private Health","2021/10/15 00:00:00","9293"
"limpopo","Public Health","2022/06/13 00:00:00","4752"
"gauteng","Public Health","2021/07/23 00:00:00","36737"
"limpopo","Public Health","2022/05/29 00:00:00","185"
"kwazulu-natal","Public Health","2021/08/16 00:00:00","17107"
"mpumalanga","Private Health","2022/04/07 00:00:00","499"
"eastern cape","Public Health","2021/02/21 00:00:00","11"
"mpumalanga","Public Health","2022/09/08 00:00:00","741"
"mpumalanga","Private Health","2021/11/25 00:00:00","1586"
"western cape","Private Health","2021/12/20 00:00:00","3940"
"free state","Public Health","2022/07/23 00:00:00","9"
"gauteng","Private Health","2021/12/24 00:00:00","4740"
"northern cape","Public Health","2022/02/12 00:00:00","60"
"north west","Public Health","2021/11/08 00:00:00","3839"
"western cape","Public Health","2022/02/27 00:00:00","32"
"northern cape","Public Health","2021/05/07 00:00:00","194"
"free state","Private Health","2021/07/11 00:00:00","1"
"mpumalanga","Private Health","2022/05/11 00:00:00","381"
"north west","Private Health","2021/10/12 00:00:00","3957"
"free state","Public Health","2022/11/18 00:00:00","194"
"western cape","Private Health","2022/08/30 00:00:00","134"
"mpumalanga","Public Health","2021/08/26 00:00:00","12930"
"mpumalanga","Private Health","2021/12/20 00:00:00","1227"
"eastern cape","Private Health","2022/07/06 00:00:00","198"
"gauteng","","2022/10/06 00:00:00","1"
"north west","Private Health","2022/06/10 00:00:00","323"
"north west","Public Health","2021/07/25 00:00:00","1067"
"gauteng","Private Health","2021/02/18 00:00:00","15"
"limpopo","Private Health","2022/08/30 00:00:00","122"
"western cape","Private Health","2022/06/17 00:00:00","1427"
"north west","Public Health","2022/08/17 00:00:00","192"
"north west","Public Health","2022/01/04 00:00:00","2781"
"gauteng","Public Health","2022/02/04 00:00:00","10481"
"northern cape","Private Health","2022/06/22 00:00:00","98"
"mpumalanga","Private Health","2021/06/28 00:00:00","397"
"north west","Public Health","2022/08/01 00:00:00","248"
"northern cape","Private Health","2022/09/12 00:00:00","10"
"free state","Private Health","2021/09/21 00:00:00","2654"
"kwazulu-natal","Private Health","2021/03/18 00:00:00","1280"
"eastern cape","Private Health","2022/04/07 00:00:00","915"
"kwazulu-natal","Private Health","2021/12/30 00:00:00","1906"
"kwazulu-natal","Public Health","2022/09/06 00:00:00","1262"
"western cape","Public Health","2021/08/23 00:00:00","33297"
"limpopo","Public Health","2022/01/12 00:00:00","5061"
"free state","Public Health","2021/12/30 00:00:00","1958"
"free state","Private Health","2021/11/03 00:00:00","2198"
"free state","Private Health","2022/07/27 00:00:00","99"
"northern cape","Public Health","2021/12/06 00:00:00","2171"
"kwazulu-natal","Public Health","2022/09/08 00:00:00","972"
"gauteng","Public Health","2021/09/06 00:00:00","34544"
"northern cape","Private Health","2022/01/05 00:00:00","395"
"western cape","Private Health","2021/09/29 00:00:00","9203"
"mpumalanga","Private Health","2021/09/06 00:00:00","3519"
"western cape","Public Health","2022/02/08 00:00:00","4943"
"eastern cape","Public Health","2022/05/25 00:00:00","6816"
"mpumalanga","Public Health","2022/11/05 00:00:00","71"
"western cape","Public Health","2022/07/13 00:00:00","835"
"gauteng","Public Health","2022/07/05 00:00:00","2008"
"western cape","Public Health","2022/03/13 00:00:00","23"
"eastern cape","Public Health","2021/08/03 00:00:00","22717"
"kwazulu-natal","Public Health","2022/10/21 00:00:00","746"
"free state","Private Health","2021/07/24 00:00:00","336"
"kwazulu-natal","Public Health","2021/02/24 00:00:00","1253"
"kwazulu-natal","Public Health","2021/09/16 00:00:00","17988"
"eastern cape","Public Health","2022/05/28 00:00:00","688"
"mpumalanga","Public Health","2021/03/08 00:00:00","140"
"kwazulu-natal","Private Health","2022/05/03 00:00:00","1114"
"mpumalanga","Public Health","2021/07/28 00:00:00","10436"
"north west","Public Health","2021/07/29 00:00:00","8310"
"eastern cape","Private Health","2022/05/06 00:00:00","1005"
"eastern cape","Public Health","2021/03/20 00:00:00","1"
"limpopo","Private Health","2021/07/07 00:00:00","1166"
"north west","Private Health","2022/04/01 00:00:00","1383"
"mpumalanga","Public Health","2022/06/14 00:00:00","3266"
"mpumalanga","Private Health","2022/08/30 00:00:00","31"
"gauteng","Private Health","2021/09/06 00:00:00","32254"
"gauteng","Public Health","2022/10/28 00:00:00","1229"
"western cape","Private Health","2022/07/11 00:00:00","545"
"northern cape","Private Health","2021/05/10 00:00:00","69"
"north west","Public Health","2022/11/27 00:00:00","135"
"eastern cape","Public Health","2022/06/15 00:00:00","3496"
"northern cape","Public Health","2021/05/23 00:00:00","98"
"north west","Private Health","2022/05/14 00:00:00","199"
"limpopo","Private Health","2021/04/28 00:00:00","300"
"north west","Public Health","2021/08/07 00:00:00","2509"
"gauteng","Private Health","2022/01/28 00:00:00","13425"
"north west","Public Health","2022/04/06 00:00:00","3662"
"gauteng","Public Health","2022/02/24 00:00:00","17003"
"northern cape","Public Health","2021/12/21 00:00:00","695"
"limpopo","Public Health","2022/02/11 00:00:00","4016"
"gauteng","Private Health","2021/11/17 00:00:00","18267"
"western cape","Public Health","2022/03/07 00:00:00","7475"
"north west","Private Health","2021/10/18 00:00:00","2773"
"northern cape","Private Health","2022/07/19 00:00:00","23"
"western cape","Public Health","2022/08/05 00:00:00","670"
"kwazulu-natal","Private Health","2021/06/05 00:00:00","56"
"gauteng","Public Health","2021/09/05 00:00:00","2715"
"mpumalanga","Public Health","2022/08/11 00:00:00","1228"
"western cape","Public Health","2022/04/14 00:00:00","2826"
"north west","Public Health","2022/04/15 00:00:00","583"
"free state","Public Health","2021/11/22 00:00:00","5207"
"northern cape","Public Health","2022/06/21 00:00:00","772"
"gauteng","Private Health","2021/09/01 00:00:00","33895"
"eastern cape","Public Health","2021/07/08 00:00:00","26097"
"limpopo","Public Health","2021/09/09 00:00:00","18170"
"north west","Private Health","2021/08/09 00:00:00","682"
"eastern cape","Public Health","2021/12/10 00:00:00","6325"
"eastern cape","Public Health","2022/10/17 00:00:00","1569"
"free state","Public Health","2022/06/22 00:00:00","1851"
"free state","Private Health","2021/08/05 00:00:00","1702"
"mpumalanga","Public Health","2022/01/18 00:00:00","3495"
"free state","Private Health","2022/08/05 00:00:00","81"
"gauteng","Private Health","2021/07/14 00:00:00","14523"
"free state","Private Health","2021/10/27 00:00:00","2580"
"north west","Public Health","2022/01/29 00:00:00","1296"
"limpopo","Private Health","2022/03/04 00:00:00","1926"
"western cape","Private Health","2022/02/25 00:00:00","5937"
"free state","Public Health","2022/09/04 00:00:00","2"
"gauteng","Private Health","2022/06/01 00:00:00","2610"
"gauteng","Private Health","2022/03/12 00:00:00","5578"
"limpopo","Public Health","2022/09/15 00:00:00","933"
"north west","Public Health","2022/11/05 00:00:00","66"
"western cape","Private Health","2021/11/14 00:00:00","578"
"mpumalanga","Public Health","2021/10/18 00:00:00","9940"
"northern cape","Private Health","2022/09/14 00:00:00","11"
"mpumalanga","Public Health","2021/12/14 00:00:00","4740"
"mpumalanga","Private Health","2021/07/19 00:00:00","1939"
"mpumalanga","Public Health","2022/04/25 00:00:00","4237"
"western cape","Public Health","2022/07/01 00:00:00","825"
"gauteng","Private Health","2021/03/08 00:00:00","4"
"north west","Private Health","2022/02/15 00:00:00","874"
"limpopo","Public Health","2021/12/22 00:00:00","5738"
"kwazulu-natal","Private Health","2021/10/04 00:00:00","8665"
"western cape","Public Health","2022/10/21 00:00:00","475"
"eastern cape","Public Health","2022/04/10 00:00:00","734"
"northern cape","Private Health","2022/02/26 00:00:00","181"
"gauteng","Private Health","2022/09/20 00:00:00","291"
"north west","Private Health","2022/06/25 00:00:00","40"
"gauteng","Public Health","2022/11/12 00:00:00","46"
"eastern cape","Private Health","2021/08/13 00:00:00","4005"
"mpumalanga","Public Health","2022/06/25 00:00:00","111"
"north west","Public Health","2022/02/12 00:00:00","1080"
"mpumalanga","Public Health","2021/05/14 00:00:00","399"
"north west","Public Health","2021/08/03 00:00:00","7322"
"western cape","Public Health","2022/11/15 00:00:00","559"
"north west","Private Health","2021/06/25 00:00:00","318"
"mpumalanga","Public Health","2021/05/25 00:00:00","2596"
"free state","Public Health","2021/06/29 00:00:00","3871"
"gauteng","Public Health","2022/05/13 00:00:00","7534"
"northern cape","Public Health","2021/10/08 00:00:00","2993"
"limpopo","Public Health","2022/03/26 00:00:00","198"
"gauteng","Public Health","2021/10/06 00:00:00","34698"
"eastern cape","Public Health","2022/10/22 00:00:00","23"
"free state","Private Health","2022/10/12 00:00:00","32"
"kwazulu-natal","Public Health","2022/01/18 00:00:00","10822"
"northern cape","Public Health","2021/06/08 00:00:00","799"
"kwazulu-natal","Private Health","2022/11/13 00:00:00","2"
"north west","Private Health","2021/09/18 00:00:00","1339"
"mpumalanga","Public Health","2022/08/24 00:00:00","647"
"kwazulu-natal","Public Health","2021/10/02 00:00:00","12177"
"mpumalanga","Private Health","2021/10/21 00:00:00","2399"
"kwazulu-natal","Private Health","2021/05/06 00:00:00","1732"
"free state","Public Health","2021/07/23 00:00:00","10509"
"eastern cape","Private Health","2022/04/12 00:00:00","1032"
"mpumalanga","Private Health","2021/11/06 00:00:00","334"
"free state","Private Health","2021/08/15 00:00:00","11"
"gauteng","Public Health","2022/01/19 00:00:00","11597"
"eastern cape","Public Health","2022/07/02 00:00:00","27"
"mpumalanga","Private Health","2021/07/31 00:00:00","155"
"western cape","Private Health","2022/11/24 00:00:00","25"
"north west","Public Health","2021/10/15 00:00:00","9388"
"kwazulu-natal","Public Health","2021/05/27 00:00:00","20719"
"eastern cape","Public Health","2021/07/03 00:00:00","26"
"western cape","Public Health","2022/03/04 00:00:00","10690"
"northern cape","Private Health","2022/01/17 00:00:00","615"
"gauteng","Public Health","2021/05/15 00:00:00","89"
"free state","Public Health","2022/02/26 00:00:00","466"
"north west","Private Health","2022/02/10 00:00:00","952"
"north west","Public Health","2021/04/07 00:00:00","366"
"kwazulu-natal","Private Health","2021/05/07 00:00:00","1899"
"eastern cape","Public Health","2022/05/13 00:00:00","6111"
"eastern cape","Private Health","2021/04/01 00:00:00","135"
"northern cape","Public Health","2021/09/04 00:00:00","985"
"mpumalanga","Private Health","2021/06/08 00:00:00","158"
"northern cape","Public Health","2021/08/24 00:00:00","5148"
"western cape","Public Health","2022/06/06 00:00:00","1918"
"free state","Public Health","2021/10/20 00:00:00","12659"
"north west","Private Health","2022/04/02 00:00:00","282"
"kwazulu-natal","Public Health","2022/01/09 00:00:00","1306"
"western cape","Private Health","2022/07/31 00:00:00","28"
"western cape","Private Health","2021/05/06 00:00:00","732"
"free state","Public Health","2021/03/01 00:00:00","590"
"gauteng","Public Health","2021/11/07 00:00:00","2538"
"limpopo","Public Health","2022/05/11 00:00:00","7824"
"limpopo","Private Health","2021/10/23 00:00:00","1245"
"mpumalanga","Private Health","2021/05/21 00:00:00","5"
"northern cape","Public Health","2021/11/06 00:00:00","32"
"mpumalanga","Private Health","2021/08/07 00:00:00","92"
"north west","Public Health","2021/10/14 00:00:00","10361"
"western cape","Public Health","2022/09/10 00:00:00","81"
"limpopo","Private Health","2022/07/21 00:00:00","184"
"north west","Public Health","2022/10/10 00:00:00","321"
"gauteng","Private Health","2021/07/25 00:00:00","3129"
"kwazulu-natal","Public Health","2021/10/09 00:00:00","6741"
"mpumalanga","Private Health","2021/10/04 00:00:00","2953"
"kwazulu-natal","Public Health","2021/08/03 00:00:00","25466"
"mpumalanga","Public Health","2021/08/31 00:00:00","15157"
"mpumalanga","Public Health","2021/11/13 00:00:00","5245"
"northern cape","Public Health","2022/05/19 00:00:00","1278"
"western cape","Private Health","2022/09/14 00:00:00","52"
"northern cape","Public Health","2021/05/31 00:00:00","660"
"kwazulu-natal","Private Health","2021/08/28 00:00:00","3495"
"eastern cape","Private Health","2021/12/05 00:00:00","174"
"gauteng","Public Health","2022/07/09 00:00:00","196"
"free state","Public Health","2022/01/02 00:00:00","18"
"gauteng","Private Health","2022/01/27 00:00:00","9515"
"limpopo","Private Health","2021/06/20 00:00:00","2"
"kwazulu-natal","Public Health","2022/01/31 00:00:00","8942"
"gauteng","Private Health","2022/06/25 00:00:00","1101"
"northern cape","Public Health","2021/07/08 00:00:00","3699"
"northern cape","Private Health","2021/07/27 00:00:00","697"
"western cape","Public Health","2021/06/30 00:00:00","13080"
"free state","Private Health","2021/07/30 00:00:00","2201"
"northern cape","Private Health","2022/07/01 00:00:00","52"
"eastern cape","Private Health","2021/10/10 00:00:00","167"
"gauteng","Private Health","2022/09/11 00:00:00","12"
"north west","Public Health","2022/10/14 00:00:00","285"
"mpumalanga","Public Health","2022/04/28 00:00:00","4390"
"free state","Private Health","2022/10/10 00:00:00","20"
"mpumalanga","Private Health","2022/05/25 00:00:00","324"
"northern cape","Private Health","2021/08/06 00:00:00","547"
"eastern cape","Public Health","2021/05/27 00:00:00","5747"
"gauteng","Public Health","2022/08/02 00:00:00","1476"
"gauteng","Private Health","2021/05/16 00:00:00","36"
"limpopo","Public Health","2022/04/20 00:00:00","5058"
"gauteng","Public Health","2022/09/01 00:00:00","1254"
"western cape","Public Health","2022/10/02 00:00:00","1"
"limpopo","Private Health","2021/05/17 00:00:00","23"
"free state","Private Health","2021/08/23 00:00:00","3113"
"limpopo","Private Health","2022/05/12 00:00:00","851"
"limpopo","Public Health","2022/09/13 00:00:00","960"
"eastern cape","Public Health","2021/11/10 00:00:00","16625"
"western cape","Private Health","2021/03/21 00:00:00","1"
"mpumalanga","Public Health","2022/07/30 00:00:00","80"
"gauteng","Private Health","2022/03/03 00:00:00","12633"
"eastern cape","Private Health","2022/01/16 00:00:00","24"
"western cape","Private Health","2021/12/25 00:00:00","3"
"western cape","Private Health","2022/09/13 00:00:00","89"
"gauteng","Public Health","2022/02/27 00:00:00","1279"
"kwazulu-natal","Public Health","2021/03/17 00:00:00","1135"
"gauteng","Public Health","2022/04/13 00:00:00","8697"
"mpumalanga","Private Health","2022/09/06 00:00:00","16"
"eastern cape","Public Health","2022/12/09 00:00:00","864"
"gauteng","Private Health","2021/07/23 00:00:00","24079"
"gauteng","Private Health","2021/10/05 00:00:00","29505"
"eastern cape","Private Health","2022/11/10 00:00:00","17"
"western cape","Public Health","2021/12/22 00:00:00","4154"
"kwazulu-natal","Public Health","2021/05/09 00:00:00","1"
"northern cape","Public Health","2021/02/26 00:00:00","376"
"free state","Public Health","2022/06/27 00:00:00","1351"
"limpopo","Private Health","2022/08/24 00:00:00","235"
"north west","Public Health","2022/03/27 00:00:00","1061"
"gauteng","Private Health","2022/08/19 00:00:00","695"
"free state","Public Health","2021/12/24 00:00:00","811"
"eastern cape","Private Health","2021/07/08 00:00:00","3861"
"mpumalanga","Private Health","2022/07/09 00:00:00","36"
"limpopo","Public Health","2022/01/17 00:00:00","6222"
"western cape","Public Health","2021/11/25 00:00:00","12582"
"northern cape","Private Health","2021/09/23 00:00:00","1062"
"mpumalanga","Private Health","2021/11/02 00:00:00","2515"
"limpopo","Private Health","2022/10/11 00:00:00","37"
"limpopo","Private Health","2022/07/19 00:00:00","223"
"north west","Private Health","2022/08/31 00:00:00","58"
"kwazulu-natal","Private Health","2021/06/29 00:00:00","2358"
"northern cape","Private Health","2022/10/25 00:00:00","9"
"mpumalanga","Public Health","2022/01/03 00:00:00","3375"
"gauteng","Public Health","2021/10/07 00:00:00","32015"
"western cape","Public Health","2021/11/24 00:00:00","13360"
"free state","Public Health","2022/04/01 00:00:00","3338"
"kwazulu-natal","Public Health","2021/04/29 00:00:00","1255"
"limpopo","Private Health","2022/03/25 00:00:00","1660"
"eastern cape","Public Health","2021/09/13 00:00:00","21451"
"limpopo","Private Health","2021/12/26 00:00:00","15"
"western cape","Private Health","2022/11/26 00:00:00","28"
"northern cape","Private Health","2022/04/27 00:00:00","74"
"gauteng","Public Health","2022/02/28 00:00:00","20284"
"gauteng","Public Health","2022/02/22 00:00:00","17014"
"gauteng","Private Health","2021/09/22 00:00:00","25270"
"limpopo","Public Health","2022/05/05 00:00:00","6526"
"kwazulu-natal","Private Health","2021/05/29 00:00:00","12"
"northern cape","Public Health","2021/07/29 00:00:00","4725"
"mpumalanga","Public Health","2022/08/25 00:00:00","1062"
"free state","Private Health","2022/03/29 00:00:00","1140"
"kwazulu-natal","Public Health","2022/01/19 00:00:00","9366"
"free state","Private Health","2021/06/16 00:00:00","2"
"north west","Private Health","2021/07/02 00:00:00","800"
"eastern cape","Private Health","2021/11/13 00:00:00","1055"
"western cape","Public Health","2021/08/10 00:00:00","19242"
"limpopo","Private Health","2022/01/11 00:00:00","2226"
"northern cape","Public Health","2022/04/13 00:00:00","713"
"north west","Private Health","2021/11/02 00:00:00","3375"
"eastern cape","Private Health","2021/04/07 00:00:00","145"
"kwazulu-natal","Public Health","2021/07/13 00:00:00","2335"
"northern cape","Private Health","2021/07/26 00:00:00","697"
"eastern cape","Public Health","2021/09/10 00:00:00","17101"
"mpumalanga","Public Health","2022/10/02 00:00:00","4"
"mpumalanga","Private Health","2021/04/06 00:00:00","55"
"north west","Public Health","2022/10/22 00:00:00","155"
"mpumalanga","Public Health","2022/09/12 00:00:00","801"
"north west","Public Health","2021/02/28 00:00:00","368"
"north west","Private Health","2022/09/13 00:00:00","53"
"free state","Public Health","2021/09/12 00:00:00","506"
"mpumalanga","Public Health","2022/04/30 00:00:00","282"
"northern cape","Public Health","2022/04/14 00:00:00","243"
"free state","Private Health","2022/02/15 00:00:00","1056"
"western cape","Private Health","2021/08/19 00:00:00","11936"
"north west","Private Health","2022/05/06 00:00:00","833"
"north west","Public Health","2021/10/26 00:00:00","9339"
"western cape","Public Health","2022/07/23 00:00:00","6"
"kwazulu-natal","Private Health","2022/05/08 00:00:00","70"
"north west","Public Health","2021/06/17 00:00:00","4023"
"mpumalanga","Private Health","2022/07/25 00:00:00","277"
"mpumalanga","Public Health","2021/06/14 00:00:00","4860"
"western cape","Private Health","2021/06/08 00:00:00","2978"
"north west","Public Health","2021/09/21 00:00:00","11272"
"limpopo","Public Health","2021/06/30 00:00:00","12999"
"eastern cape","Private Health","2022/05/15 00:00:00","5"
"mpumalanga","Private Health","2022/07/29 00:00:00","267"
"mpumalanga","Public Health","2022/08/30 00:00:00","874"
"eastern cape","Public Health","2022/08/07 00:00:00","5"
"free state","Private Health","2022/12/05 00:00:00","10"
"kwazulu-natal","Private Health","2021/09/15 00:00:00","9230"
"eastern cape","Public Health","2022/02/17 00:00:00","7768"
"northern cape","Public Health","2022/05/14 00:00:00","53"
"eastern cape","Private Health","2022/09/07 00:00:00","27"
"kwazulu-natal","Public Health","2021/08/29 00:00:00","4015"
"eastern cape","Private Health","2022/04/06 00:00:00","1233"
"limpopo","Public Health","2022/04/23 00:00:00","294"
"free state","Public Health","2021/10/26 00:00:00","11231"
"limpopo","Public Health","2021/10/11 00:00:00","17918"
"limpopo","Public Health","2022/10/02 00:00:00","1"
"north west","Private Health","2022/08/27 00:00:00","30"
"north west","Public Health","2021/05/19 00:00:00","2780"
"north west","Private Health","2022/08/05 00:00:00","103"
"north west","Public Health","2022/05/24 00:00:00","2509"
"eastern cape","Private Health","2022/05/07 00:00:00","340"
"gauteng","Public Health","2022/11/02 00:00:00","1290"
"eastern cape","Private Health","2022/09/23 00:00:00","21"
"eastern cape","Private Health","2022/02/12 00:00:00","354"
"gauteng","Private Health","2022/05/22 00:00:00","171"
"kwazulu-natal","Private Health","2022/03/27 00:00:00","359"
"mpumalanga","Public Health","2022/07/03 00:00:00","15"
"gauteng","","2022/09/28 00:00:00","1"
"eastern cape","Private Health","2022/05/04 00:00:00","836"
"western cape","Private Health","2022/06/19 00:00:00","2"
"northern cape","Private Health","2021/12/06 00:00:00","843"
"gauteng","Public Health","2021/09/18 00:00:00","10380"
"eastern cape","Public Health","2022/12/01 00:00:00","1802"
"northern cape","Private Health","2021/11/10 00:00:00","955"
"mpumalanga","Public Health","2021/06/10 00:00:00","4144"
"free state","Private Health","2021/12/30 00:00:00","667"
"western cape","Public Health","2022/12/06 00:00:00","594"
"western cape","Public Health","2021/05/13 00:00:00","3361"
"kwazulu-natal","Public Health","2021/08/22 00:00:00","4865"
"western cape","Public Health","2022/04/19 00:00:00","2788"
"free state","Public Health","2021/10/19 00:00:00","11438"
"gauteng","Private Health","2022/03/23 00:00:00","11914"
"mpumalanga","Public Health","2022/05/26 00:00:00","4705"
"north west","Public Health","2022/06/20 00:00:00","1330"
"gauteng","Public Health","2021/02/28 00:00:00","612"
"gauteng","Public Health","2021/08/24 00:00:00","41507"
"free state","Private Health","2022/02/01 00:00:00","952"
"gauteng","Private Health","2022/09/23 00:00:00","342"
"gauteng","Public Health","2021/09/24 00:00:00","1989"
"free state","Public Health","2022/11/21 00:00:00","279"
"gauteng","Private Health","2022/01/23 00:00:00","730"
"western cape","Private Health","2021/12/21 00:00:00","3146"
"gauteng","Public Health","2021/03/06 00:00:00","483"
"free state","Private Health","2022/02/20 00:00:00","75"
"western cape","Private Health","2021/12/12 00:00:00","195"
"limpopo","Private Health","2022/04/30 00:00:00","361"
"western cape","Private Health","2021/02/25 00:00:00","10"
"kwazulu-natal","Public Health","2021/05/31 00:00:00","19102"
"gauteng","Public Health","2021/05/04 00:00:00","1540"
"eastern cape","Private Health","2021/05/25 00:00:00","295"
"free state","Public Health","2021/12/20 00:00:00","3419"
"western cape","Public Health","2022/08/28 00:00:00","9"
"western cape","Public Health","2021/04/12 00:00:00","71"
"kwazulu-natal","Public Health","2021/10/03 00:00:00","10051"
"northern cape","Public Health","2021/06/17 00:00:00","1235"
"mpumalanga","Private Health","2022/01/04 00:00:00","1041"
"kwazulu-natal","Private Health","2022/05/16 00:00:00","906"
"western cape","Private Health","2021/06/16 00:00:00","218"
"limpopo","Private Health","2021/09/09 00:00:00","5565"
"mpumalanga","Public Health","2022/01/31 00:00:00","3512"
"western cape","Public Health","2022/08/12 00:00:00","639"
"north west","Private Health","2022/09/02 00:00:00","47"
"north west","Public Health","2022/04/22 00:00:00","3202"
"kwazulu-natal","Public Health","2021/11/21 00:00:00","3231"
"free state","Private Health","2022/06/03 00:00:00","346"
"mpumalanga","Private Health","2022/08/20 00:00:00","6"
"free state","Private Health","2022/11/15 00:00:00","36"
"mpumalanga","Public Health","2021/06/08 00:00:00","5214"
"limpopo","Public Health","2021/10/05 00:00:00","14851"
"gauteng","Public Health","2022/02/07 00:00:00","11578"
"northern cape","Private Health","2022/08/24 00:00:00","25"
"north west","Private Health","2022/07/07 00:00:00","120"
"free state","Private Health","2022/10/03 00:00:00","30"
"mpumalanga","Public Health","2021/10/14 00:00:00","13462"
"free state","Private Health","2021/07/16 00:00:00","2199"
"northern cape","Private Health","2022/06/14 00:00:00","61"
"eastern cape","Private Health","2022/07/26 00:00:00","109"
"mpumalanga","Public Health","2022/10/27 00:00:00","724"
"northern cape","Public Health","2022/03/09 00:00:00","1050"
"western cape","Private Health","2022/10/18 00:00:00","26"
"eastern cape","Private Health","2022/11/23 00:00:00","36"
"kwazulu-natal","Private Health","2022/01/04 00:00:00","3092"
"eastern cape","Public Health","2021/12/14 00:00:00","6607"
"northern cape","Public Health","2022/04/22 00:00:00","883"
"mpumalanga","Public Health","2022/09/13 00:00:00","648"
"kwazulu-natal","Public Health","2021/07/22 00:00:00","44486"
"mpumalanga","Public Health","2022/01/30 00:00:00","580"
"gauteng","Public Health","2022/04/24 00:00:00","783"
"free state","Private Health","2022/08/24 00:00:00","2"
"free state","Public Health","2022/10/06 00:00:00","373"
"north west","Private Health","2022/10/05 00:00:00","33"
"kwazulu-natal","Private Health","2022/03/29 00:00:00","2512"
"northern cape","Public Health","2022/10/31 00:00:00","191"
"limpopo","Public Health","2021/06/19 00:00:00","118"
"eastern cape","Public Health","2022/05/03 00:00:00","6804"
"eastern cape","Private Health","2022/05/21 00:00:00","230"
"mpumalanga","Public Health","2022/09/29 00:00:00","500"
"limpopo","Private Health","2021/10/15 00:00:00","4186"
"western cape","Public Health","2022/07/02 00:00:00","26"
"eastern cape","Private Health","2022/08/25 00:00:00","125"
"north west","Public Health","2022/08/15 00:00:00","271"
"northern cape","Private Health","2022/08/27 00:00:00","4"
"gauteng","Public Health","2021/04/24 00:00:00","4"
"eastern cape","Public Health","2022/03/26 00:00:00","435"
"northern cape","Private Health","2021/11/07 00:00:00","45"
"limpopo","Public Health","2022/07/21 00:00:00","1221"
"limpopo","Private Health","2021/10/10 00:00:00","50"
"northern cape","Private Health","2021/09/07 00:00:00","941"
"mpumalanga","Private Health","2022/09/28 00:00:00","6"
"north west","Private Health","2022/04/05 00:00:00","1002"
"mpumalanga","Public Health","2021/12/17 00:00:00","2986"
"free state","Public Health","2022/03/30 00:00:00","5628"
"north west","Private Health","2021/08/13 00:00:00","3438"
"limpopo","Private Health","2021/06/22 00:00:00","310"
"western cape","Public Health","2021/06/22 00:00:00","6488"
"western cape","Private Health","2021/06/03 00:00:00","1724"
"free state","Private Health","2022/08/06 00:00:00","3"
"free state","Private Health","2021/12/09 00:00:00","1714"
"mpumalanga","Public Health","2022/10/01 00:00:00","13"
"free state","Private Health","2022/11/30 00:00:00","315"
"north west","Private Health","2021/10/24 00:00:00","95"
"mpumalanga","Public Health","2021/07/23 00:00:00","11244"
"north west","Private Health","2021/07/12 00:00:00","1330"
"free state","Private Health","2021/08/07 00:00:00","254"
"limpopo","Public Health","2022/04/14 00:00:00","3154"
"limpopo","Public Health","2022/07/14 00:00:00","1130"
"gauteng","Private Health","2021/05/17 00:00:00","788"
"limpopo","Public Health","2022/03/12 00:00:00","214"
"limpopo","Private Health","2022/02/20 00:00:00","34"
"eastern cape","Private Health","2021/12/25 00:00:00","3"
"limpopo","Public Health","2022/12/04 00:00:00","4"
"north west","Public Health","2022/10/19 00:00:00","402"
"western cape","Public Health","2022/03/14 00:00:00","6644"
"mpumalanga","Private Health","2021/12/05 00:00:00","57"
"gauteng","Public Health","2022/07/19 00:00:00","1672"
"north west","Private Health","2022/06/24 00:00:00","287"
"kwazulu-natal","Private Health","2022/03/30 00:00:00","2370"
"north west","Public Health","2021/05/21 00:00:00","3597"
"eastern cape","Private Health","2021/02/22 00:00:00","1"
"western cape","Public Health","2021/02/27 00:00:00","894"
"kwazulu-natal","Public Health","2021/11/28 00:00:00","3662"
"northern cape","Public Health","2022/08/24 00:00:00","142"
"gauteng","Private Health","2022/08/03 00:00:00","730"
"mpumalanga","Private Health","2022/05/04 00:00:00","375"
"kwazulu-natal","Public Health","2021/12/29 00:00:00","6288"
"eastern cape","Public Health","2022/07/23 00:00:00","58"
"gauteng","Private Health","2022/05/05 00:00:00","4408"
"western cape","Private Health","2022/08/27 00:00:00","72"
"eastern cape","Private Health","2021/11/09 00:00:00","2475"
"gauteng","Public Health","2021/12/03 00:00:00","27691"
"north west","Private Health","2022/01/15 00:00:00","397"
"limpopo","Public Health","2021/07/03 00:00:00","3"
"northern cape","Private Health","2022/03/05 00:00:00","144"
"limpopo","Private Health","2021/08/13 00:00:00","2453"
"eastern cape","Private Health","2022/02/08 00:00:00","1324"
"north west","Public Health","2021/09/20 00:00:00","8450"
"western cape","Public Health","2021/08/15 00:00:00","35"
"western cape","Private Health","2021/03/05 00:00:00","218"
"western cape","Private Health","2022/02/12 00:00:00","1285"
"north west","Private Health","2021/08/28 00:00:00","932"
"kwazulu-natal","Private Health","2021/07/26 00:00:00","6092"
"western cape","Public Health","2022/09/27 00:00:00","541"
"western cape","Public Health","2022/02/19 00:00:00","503"
"kwazulu-natal","Public Health","2021/03/07 00:00:00","1"
"free state","Private Health","2022/06/28 00:00:00","150"
"gauteng","Public Health","2022/07/26 00:00:00","1674"
"gauteng","Public Health","2021/06/27 00:00:00","225"
"western cape","Public Health","2021/04/27 00:00:00","1"
"western cape","Public Health","2021/06/08 00:00:00","12272"
"western cape","Public Health","2022/09/15 00:00:00","671"
"western cape","Private Health","2022/10/21 00:00:00","12"
"kwazulu-natal","Public Health","2022/08/23 00:00:00","1766"
"northern cape","Public Health","2021/06/15 00:00:00","781"
"gauteng","Public Health","2022/04/02 00:00:00","1516"
"limpopo","Private Health","2021/08/04 00:00:00","2580"
"limpopo","Private Health","2022/07/26 00:00:00","233"
"north west","Public Health","2022/06/02 00:00:00","1883"
"northern cape","Private Health","2022/02/21 00:00:00","374"
"mpumalanga","Private Health","2021/11/15 00:00:00","1520"
"north west","Public Health","2022/09/16 00:00:00","115"
"kwazulu-natal","Public Health","2022/03/22 00:00:00","10361"
"northern cape","Private Health","2022/06/23 00:00:00","119"
"free state","Public Health","2022/11/30 00:00:00","270"
"kwazulu-natal","Private Health","2022/11/09 00:00:00","11"
"western cape","Public Health","2021/10/07 00:00:00","24200"
"free state","Private Health","2022/04/03 00:00:00","47"
"north west","Public Health","2022/01/27 00:00:00","4315"
"north west","Public Health","2021/08/15 00:00:00","319"
"free state","Private Health","2021/11/05 00:00:00","1971"
"western cape","Public Health","2022/10/28 00:00:00","357"
"limpopo","Public Health","2021/07/22 00:00:00","27905"
"limpopo","Public Health","2021/02/21 00:00:00","741"
"mpumalanga","Private Health","2022/04/15 00:00:00","2"
"western cape","Public Health","2022/11/12 00:00:00","76"
"western cape","Private Health","2022/04/07 00:00:00","2922"
"northern cape","Public Health","2022/07/26 00:00:00","705"
"gauteng","Public Health","2022/01/31 00:00:00","12549"
"limpopo","Public Health","2022/02/17 00:00:00","6080"
"gauteng","Private Health","2021/09/29 00:00:00","21293"
"kwazulu-natal","Private Health","2021/08/24 00:00:00","10228"
"northern cape","Private Health","2021/03/09 00:00:00","71"
"gauteng","Public Health","2022/01/15 00:00:00","3442"
"free state","Private Health","2021/07/18 00:00:00","50"
"mpumalanga","Private Health","2021/10/10 00:00:00","35"
"free state","Private Health","2021/08/08 00:00:00","11"
"free state","Private Health","2022/02/13 00:00:00","7"
"eastern cape","Public Health","2022/06/05 00:00:00","42"
"mpumalanga","Private Health","2021/11/20 00:00:00","290"
"western cape","Private Health","2021/02/21 00:00:00","500"
"northern cape","Public Health","2021/05/13 00:00:00","465"
"eastern cape","Private Health","2021/11/18 00:00:00","2829"
"kwazulu-natal","Private Health","2022/02/05 00:00:00","1742"
"kwazulu-natal","Private Health","2022/05/01 00:00:00","175"
"limpopo","Public Health","2022/04/21 00:00:00","5209"
"free state","Private Health","2022/05/27 00:00:00","667"
"kwazulu-natal","Private Health","2022/03/22 00:00:00","2114"
"gauteng","Public Health","2021/02/27 00:00:00","694"
"free state","Private Health","2021/08/28 00:00:00","407"
"northern cape","Public Health","2021/10/01 00:00:00","3533"
"north west","Private Health","2021/11/29 00:00:00","2724"
"north west","Public Health","2021/11/16 00:00:00","6150"
"gauteng","Private Health","2021/07/16 00:00:00","27199"
"northern cape","Public Health","2022/07/27 00:00:00","1009"
"limpopo","Private Health","2022/09/27 00:00:00","100"
"free state","Private Health","2021/09/14 00:00:00","3524"
"mpumalanga","Public Health","2022/09/06 00:00:00","907"
"free state","Public Health","2022/06/29 00:00:00","1378"
"western cape","Public Health","2021/11/11 00:00:00","17019"
"north west","Public Health","2022/09/08 00:00:00","293"
"north west","Public Health","2021/09/05 00:00:00","1454"
"gauteng","Public Health","2022/07/29 00:00:00","1112"
"mpumalanga","Private Health","2022/10/11 00:00:00","7"
"western cape","Private Health","2021/07/06 00:00:00","8777"
"mpumalanga","Private Health","2021/03/15 00:00:00","56"
"free state","Public Health","2022/01/13 00:00:00","4105"
"north west","Public Health","2022/10/13 00:00:00","290"
"kwazulu-natal","Private Health","2021/09/13 00:00:00","9283"
"kwazulu-natal","Public Health","2021/06/08 00:00:00","14739"
"eastern cape","Private Health","2021/09/12 00:00:00","32"
"western cape","Public Health","2022/09/09 00:00:00","595"
"free state","Private Health","2021/06/03 00:00:00","93"
"eastern cape","Public Health","2021/04/07 00:00:00","1006"
"mpumalanga","Public Health","2022/04/02 00:00:00","376"
"mpumalanga","Public Health","2021/10/27 00:00:00","10022"
"mpumalanga","Private Health","2022/09/09 00:00:00","27"
"kwazulu-natal","Private Health","2021/12/02 00:00:00","5131"
"eastern cape","Private Health","2021/08/18 00:00:00","4116"
"eastern cape","Public Health","2022/12/03 00:00:00","13"
"kwazulu-natal","Private Health","2021/10/31 00:00:00","704"
"northern cape","Public Health","2022/09/19 00:00:00","174"
"western cape","Public Health","2022/11/19 00:00:00","72"
"western cape","Private Health","2022/09/23 00:00:00","49"
"limpopo","Public Health","2021/07/19 00:00:00","22250"
"northern cape","Private Health","2022/02/13 00:00:00","31"
"kwazulu-natal","Public Health","2022/01/29 00:00:00","2272"
"kwazulu-natal","Private Health","2021/07/04 00:00:00","51"
"eastern cape","Public Health","2022/05/12 00:00:00","8791"
"mpumalanga","Private Health","2022/02/20 00:00:00","251"
"gauteng","Public Health","2022/07/16 00:00:00","302"
"mpumalanga","Public Health","2022/02/15 00:00:00","3622"
"kwazulu-natal","Public Health","2022/05/15 00:00:00","1361"
"north west","Private Health","2022/09/07 00:00:00","50"
"kwazulu-natal","Public Health","2021/05/30 00:00:00","1463"
"eastern cape","Private Health","2022/01/15 00:00:00","584"
"western cape","Private Health","2021/12/23 00:00:00","2557"
"northern cape","Public Health","2021/02/19 00:00:00","294"
"mpumalanga","Public Health","2021/07/06 00:00:00","7324"
"kwazulu-natal","Private Health","2021/08/20 00:00:00","14476"
"northern cape","Public Health","2022/11/25 00:00:00","137"
"western cape","Private Health","2021/09/12 00:00:00","514"
"mpumalanga","Public Health","2021/11/05 00:00:00","6709"
"free state","Public Health","2022/11/15 00:00:00","317"
"western cape","Public Health","2021/07/20 00:00:00","22524"
"gauteng","Public Health","2021/06/29 00:00:00","22298"
"northern cape","Private Health","2021/09/17 00:00:00","1511"
"kwazulu-natal","Public Health","2022/06/22 00:00:00","5642"
"limpopo","Private Health","2022/09/06 00:00:00","103"
"gauteng","Private Health","2022/10/07 00:00:00","353"
"limpopo","Public Health","2022/12/09 00:00:00","525"
"limpopo","Public Health","2022/07/16 00:00:00","14"
"western cape","Public Health","2021/08/24 00:00:00","36413"
"north west","Private Health","2021/08/15 00:00:00","260"
"gauteng","Private Health","2022/11/02 00:00:00","294"
"gauteng","Private Health","2021/08/10 00:00:00","21935"
"eastern cape","Public Health","2021/10/22 00:00:00","13502"
"gauteng","Public Health","2021/11/18 00:00:00","21952"
"mpumalanga","Private Health","2022/02/06 00:00:00","4"
"limpopo","Private Health","2022/02/17 00:00:00","1057"
"mpumalanga","Private Health","2021/05/18 00:00:00","8"
"limpopo","Private Health","2021/02/23 00:00:00","2"
"kwazulu-natal","Private Health","2022/04/05 00:00:00","1614"
"western cape","Public Health","2022/05/23 00:00:00","2192"
"mpumalanga","Private Health","2022/02/28 00:00:00","1355"
"kwazulu-natal","Private Health","2022/08/31 00:00:00","112"
"western cape","Private Health","2021/03/25 00:00:00","769"
"northern cape","Public Health","2022/01/23 00:00:00","5"
"free state","Private Health","2021/07/28 00:00:00","2028"
"gauteng","Private Health","2022/11/07 00:00:00","190"
"north west","Private Health","2021/06/18 00:00:00","282"
"north west","Private Health","2021/09/17 00:00:00","5977"
"limpopo","Private Health","2022/09/03 00:00:00","12"
"eastern cape","Private Health","2021/10/01 00:00:00","4537"
"eastern cape","Public Health","2021/09/01 00:00:00","27367"
"north west","Private Health","2021/10/20 00:00:00","2993"
"north west","Public Health","2021/09/13 00:00:00","10407"
"eastern cape","Public Health","2021/06/23 00:00:00","16616"
"limpopo","Private Health","2022/01/09 00:00:00","38"
"kwazulu-natal","Private Health","2021/07/09 00:00:00","7442"
"gauteng","Public Health","2021/11/27 00:00:00","4327"
"north west","Private Health","2021/07/09 00:00:00","1361"
"eastern cape","Private Health","2022/03/22 00:00:00","1613"
"kwazulu-natal","Private Health","2021/09/11 00:00:00","3835"
"gauteng","Private Health","2022/07/03 00:00:00","48"
"eastern cape","Private Health","2021/07/16 00:00:00","5602"
"free state","Public Health","2021/05/26 00:00:00","4445"
"mpumalanga","Private Health","2022/09/29 00:00:00","6"
"north west","Public Health","2022/03/18 00:00:00","3211"
"western cape","Private Health","2022/09/12 00:00:00","112"
"northern cape","Public Health","2022/11/14 00:00:00","277"
"northern cape","Private Health","2021/09/18 00:00:00","108"
"gauteng","Public Health","2022/01/25 00:00:00","14748"
"north west","Public Health","2021/12/17 00:00:00","3476"
"western cape","Private Health","2022/03/06 00:00:00","178"
"north west","Public Health","2021/10/08 00:00:00","11742"
"limpopo","Private Health","2022/03/12 00:00:00","306"
"gauteng","Private Health","2022/05/14 00:00:00","2630"
"eastern cape","Public Health","2021/08/08 00:00:00","517"
"western cape","Private Health","2022/06/16 00:00:00","76"
"kwazulu-natal","Private Health","2022/04/16 00:00:00","454"
"gauteng","Private Health","2021/12/25 00:00:00","12"
"eastern cape","Public Health","2022/01/04 00:00:00","3134"
"northern cape","Public Health","2021/12/01 00:00:00","2565"
"eastern cape","Public Health","2022/03/09 00:00:00","9525"
"north west","Public Health","2021/12/31 00:00:00","766"
"gauteng","Private Health","2021/03/12 00:00:00","22"
"limpopo","Public Health","2021/03/18 00:00:00","200"
"kwazulu-natal","Public Health","2021/10/12 00:00:00","20678"
"kwazulu-natal","Private Health","2021/08/29 00:00:00","1270"
"gauteng","Private Health","2021/09/02 00:00:00","33324"
"western cape","Public Health","2021/11/16 00:00:00","15116"
"north west","Private Health","2022/06/18 00:00:00","66"
"eastern cape","Private Health","2022/11/21 00:00:00","11"
"northern cape","Private Health","2022/04/20 00:00:00","276"
"limpopo","Public Health","2021/07/05 00:00:00","13430"
"eastern cape","Public Health","2021/05/16 00:00:00","18"
"mpumalanga","Private Health","2022/10/12 00:00:00","3"
"limpopo","Private Health","2021/12/18 00:00:00","556"
"kwazulu-natal","Private Health","2021/10/11 00:00:00","8080"
"mpumalanga","Public Health","2021/05/28 00:00:00","3096"
"kwazulu-natal","Public Health","2022/09/30 00:00:00","648"
"north west","Public Health","2022/09/04 00:00:00","93"
"mpumalanga","Public Health","2022/03/18 00:00:00","4287"
"north west","Private Health","2022/06/11 00:00:00","77"
"mpumalanga","Private Health","2022/06/13 00:00:00","287"
"western cape","Private Health","2021/10/21 00:00:00","8554"
"western cape","Public Health","2021/10/20 00:00:00","25256"
"gauteng","Public Health","2022/01/11 00:00:00","19604"
"gauteng","Private Health","2022/09/01 00:00:00","561"
"free state","Private Health","2021/11/14 00:00:00","105"
"western cape","Private Health","2021/09/04 00:00:00","3275"
"eastern cape","Private Health","2022/05/10 00:00:00","826"
"mpumalanga","Private Health","2021/11/29 00:00:00","2431"
"limpopo","Public Health","2022/06/23 00:00:00","2745"
"eastern cape","Private Health","2021/05/27 00:00:00","820"
"kwazulu-natal","Private Health","2022/05/14 00:00:00","970"
"eastern cape","Private Health","2022/05/23 00:00:00","569"
"eastern cape","Private Health","2021/07/29 00:00:00","4794"
"northern cape","Private Health","2021/09/11 00:00:00","118"
"north west","Public Health","2021/08/13 00:00:00","6221"
"free state","Public Health","2021/08/24 00:00:00","11876"
"northern cape","Private Health","2022/04/19 00:00:00","181"
"limpopo","Private Health","2021/07/31 00:00:00","399"
"western cape","Private Health","2022/09/19 00:00:00","33"
"eastern cape","Private Health","2022/08/13 00:00:00","13"
"eastern cape","Public Health","2021/12/05 00:00:00","1433"
"limpopo","Private Health","2022/07/11 00:00:00","200"
"limpopo","Public Health","2022/03/19 00:00:00","226"
"limpopo","Public Health","2022/01/09 00:00:00","98"
"free state","Public Health","2022/06/25 00:00:00","145"
"mpumalanga","Public Health","2021/03/23 00:00:00","203"
"kwazulu-natal","Private Health","2021/09/12 00:00:00","811"
"eastern cape","Private Health","2021/08/17 00:00:00","3874"
"free state","Public Health","2022/05/15 00:00:00","5"
"free state","Private Health","2022/03/21 00:00:00","89"
"northern cape","Private Health","2022/06/10 00:00:00","66"
"northern cape","Public Health","2021/07/03 00:00:00","212"
"north west","Public Health","2021/06/02 00:00:00","3427"
"limpopo","Public Health","2022/07/07 00:00:00","1436"
"kwazulu-natal","Private Health","2021/08/04 00:00:00","8035"
"limpopo","Public Health","2021/02/24 00:00:00","1031"
"mpumalanga","Private Health","2021/06/01 00:00:00","299"
"eastern cape","Public Health","2022/09/01 00:00:00","2000"
"north west","Private Health","2022/01/01 00:00:00","4"
"limpopo","Private Health","2022/07/05 00:00:00","273"
"mpumalanga","Private Health","2022/04/27 00:00:00","20"
"northern cape","Public Health","2021/08/22 00:00:00","216"
"northern cape","Private Health","2021/11/18 00:00:00","863"
"limpopo","Private Health","2022/10/09 00:00:00","6"
"northern cape","Public Health","2022/12/12 00:00:00","95"
"gauteng","Private Health","2022/09/24 00:00:00","47"
"mpumalanga","Public Health","2021/12/09 00:00:00","6908"
"limpopo","Public Health","2021/09/17 00:00:00","11504"
"limpopo","Private Health","2022/03/23 00:00:00","1795"
"eastern cape","Public Health","2021/07/26 00:00:00","28329"
"mpumalanga","Private Health","2022/02/22 00:00:00","1112"
"western cape","Public Health","2021/08/27 00:00:00","35054"
"free state","Private Health","2021/07/14 00:00:00","1332"
"kwazulu-natal","Private Health","2022/03/12 00:00:00","2298"
"eastern cape","Public Health","2022/04/11 00:00:00","5759"
"gauteng","Private Health","2021/12/02 00:00:00","18571"
"gauteng","Private Health","2021/03/31 00:00:00","531"
"northern cape","Private Health","2021/05/05 00:00:00","52"
"northern cape","Public Health","2022/09/02 00:00:00","42"
"eastern cape","Public Health","2021/07/15 00:00:00","25849"
"mpumalanga","Private Health","2022/06/15 00:00:00","297"
"western cape","Public Health","2021/07/13 00:00:00","23160"
"limpopo","Private Health","2022/02/15 00:00:00","985"
"gauteng","Public Health","2021/03/17 00:00:00","1952"
"northern cape","Private Health","2022/10/10 00:00:00","5"
"north west","Public Health","2021/06/13 00:00:00","15"
"western cape","Private Health","2021/06/30 00:00:00","3487"
"limpopo","Public Health","2021/06/08 00:00:00","13794"
"gauteng","Public Health","2022/09/15 00:00:00","1203"
"mpumalanga","Private Health","2022/10/18 00:00:00","7"
"north west","Public Health","2021/09/15 00:00:00","12353"
"eastern cape","Private Health","2022/05/17 00:00:00","701"
"free state","Public Health","2022/03/28 00:00:00","4871"
"western cape","Private Health","2021/08/18 00:00:00","12185"
"limpopo","Public Health","2022/11/29 00:00:00","858"
"gauteng","Public Health","2021/10/19 00:00:00","31720"
"gauteng","Private Health","2022/03/20 00:00:00","600"
"free state","Public Health","2022/01/27 00:00:00","4542"
"limpopo","Public Health","2022/02/03 00:00:00","6121"
"gauteng","Public Health","2021/05/07 00:00:00","1762"
"gauteng","Private Health","2021/11/27 00:00:00","6934"
"northern cape","Public Health","2021/03/03 00:00:00","177"
"northern cape","Private Health","2022/06/30 00:00:00","33"
"eastern cape","Public Health","2021/04/13 00:00:00","670"
"north west","Public Health","2022/10/29 00:00:00","84"
"gauteng","Private Health","2021/05/28 00:00:00","7242"
"limpopo","Private Health","2021/10/27 00:00:00","3613"
"north west","Public Health","2021/03/16 00:00:00","291"
"free state","Public Health","2021/11/24 00:00:00","7800"
"north west","Public Health","2022/07/17 00:00:00","272"
"north west","Public Health","2021/09/23 00:00:00","9677"
"eastern cape","Public Health","2022/07/25 00:00:00","2485"
"mpumalanga","Public Health","2021/11/07 00:00:00","324"
"gauteng","Public Health","2022/02/11 00:00:00","12619"
"western cape","Public Health","2022/04/24 00:00:00","18"
"gauteng","Private Health","2021/12/26 00:00:00","83"
"eastern cape","Private Health","2021/02/21 00:00:00","228"
"gauteng","Private Health","2021/05/13 00:00:00","4629"
"limpopo","Private Health","2021/08/20 00:00:00","4266"
"eastern cape","Private Health","2022/07/16 00:00:00","30"
"free state","Public Health","2021/06/26 00:00:00","198"
"gauteng","Private Health","2022/01/25 00:00:00","11542"
"north west","Private Health","2022/11/09 00:00:00","28"
"gauteng","Public Health","2021/08/05 00:00:00","27813"
"gauteng","Private Health","2022/04/26 00:00:00","6686"
"western cape","Private Health","2022/04/28 00:00:00","2911"
"eastern cape","Public Health","2021/07/31 00:00:00","1590"
"limpopo","Public Health","2021/03/23 00:00:00","795"
"kwazulu-natal","Private Health","2022/04/21 00:00:00","1073"
"mpumalanga","Public Health","2022/04/03 00:00:00","33"
"kwazulu-natal","Private Health","2022/08/09 00:00:00","29"
"eastern cape","Private Health","2022/02/03 00:00:00","1337"
"kwazulu-natal","Public Health","2022/07/08 00:00:00","2131"
"eastern cape","Public Health","2021/09/04 00:00:00","3409"
"limpopo","Private Health","2022/11/23 00:00:00","105"
"western cape","Private Health","2021/09/16 00:00:00","13566"
"mpumalanga","Public Health","2021/12/18 00:00:00","985"
"western cape","Private Health","2021/11/08 00:00:00","5926"
"western cape","Public Health","2022/04/25 00:00:00","3033"
"limpopo","Private Health","2022/06/05 00:00:00","23"
"mpumalanga","Private Health","2021/10/01 00:00:00","3000"
"kwazulu-natal","Public Health","2021/06/09 00:00:00","15606"
"north west","Public Health","2022/07/11 00:00:00","500"
"gauteng","Private Health","2022/06/15 00:00:00","2342"
"gauteng","Private Health","2022/05/27 00:00:00","3629"
"northern cape","Public Health","2022/11/29 00:00:00","374"
"northern cape","Public Health","2022/06/03 00:00:00","968"
"mpumalanga","Private Health","2021/05/06 00:00:00","78"
"eastern cape","Private Health","2021/11/11 00:00:00","3454"
"kwazulu-natal","Public Health","2022/12/02 00:00:00","401"
"gauteng","Public Health","2022/04/23 00:00:00","1548"
"gauteng","Private Health","2021/03/01 00:00:00","1"
"north west","Private Health","2022/05/09 00:00:00","764"
"eastern cape","Public Health","2022/01/25 00:00:00","6766"
"limpopo","Public Health","2021/03/07 00:00:00","142"
"western cape","Private Health","2022/04/23 00:00:00","917"
"north west","Public Health","2022/11/01 00:00:00","413"
"kwazulu-natal","Private Health","2021/06/16 00:00:00","1"
"limpopo","Public Health","2022/06/15 00:00:00","5259"
"kwazulu-natal","Public Health","2022/08/16 00:00:00","1941"
"mpumalanga","Public Health","2022/02/10 00:00:00","3586"
"north west","Private Health","2021/10/25 00:00:00","2980"
"north west","Public Health","2022/05/19 00:00:00","2658"
"gauteng","Private Health","2021/06/20 00:00:00","87"
"western cape","Public Health","2022/10/10 00:00:00","388"
"limpopo","Private Health","2022/03/15 00:00:00","1251"
"northern cape","Public Health","2022/01/12 00:00:00","1397"
"limpopo","Private Health","2021/07/26 00:00:00","3335"
"western cape","Public Health","2021/11/05 00:00:00","13906"
"mpumalanga","Private Health","2022/04/22 00:00:00","543"
"western cape","Private Health","2021/08/15 00:00:00","990"
"mpumalanga","Public Health","2021/07/17 00:00:00","579"
"western cape","Private Health","2022/01/30 00:00:00","109"
"gauteng","Private Health","2022/10/30 00:00:00","13"
"north west","Public Health","2022/07/23 00:00:00","175"
"north west","Private Health","2021/07/08 00:00:00","1200"
"western cape","Private Health","2022/11/30 00:00:00","42"
"gauteng","Public Health","2022/03/23 00:00:00","15736"
"northern cape","Private Health","2022/11/15 00:00:00","17"
"gauteng","Private Health","2022/03/01 00:00:00","12681"
"north west","Public Health","2021/06/28 00:00:00","5063"
"mpumalanga","Public Health","2022/08/06 00:00:00","19"
"kwazulu-natal","Private Health","2022/06/25 00:00:00","288"
"mpumalanga","Public Health","2022/06/08 00:00:00","3188"
"eastern cape","Private Health","2021/12/31 00:00:00","766"
"kwazulu-natal","Public Health","2021/12/05 00:00:00","3412"
"gauteng","Public Health","2022/11/30 00:00:00","1642"
"western cape","Public Health","2022/06/08 00:00:00","2667"
"gauteng","Public Health","2022/05/07 00:00:00","1913"
"mpumalanga","Private Health","2022/06/10 00:00:00","274"
"northern cape","Public Health","2022/04/26 00:00:00","1141"
"western cape","Public Health","2022/01/28 00:00:00","6640"
"kwazulu-natal","Private Health","2022/03/14 00:00:00","2447"
"mpumalanga","Private Health","2022/03/03 00:00:00","910"
"free state","Private Health","2022/11/14 00:00:00","33"
"northern cape","Public Health","2022/01/27 00:00:00","947"
"north west","Public Health","2021/12/26 00:00:00","588"
"kwazulu-natal","Private Health","2022/10/28 00:00:00","12"
"mpumalanga","Private Health","2021/03/19 00:00:00","95"
"northern cape","Public Health","2021/09/07 00:00:00","3545"
"northern cape","Public Health","2022/03/15 00:00:00","1227"
"kwazulu-natal","Public Health","2022/01/06 00:00:00","10217"
"northern cape","Private Health","2021/11/03 00:00:00","1177"
"limpopo","Private Health","2021/06/04 00:00:00","309"
"northern cape","Public Health","2022/03/18 00:00:00","1110"
"eastern cape","Public Health","2022/08/17 00:00:00","2317"
"western cape","Private Health","2021/12/31 00:00:00","1628"
"free state","Public Health","2022/01/01 00:00:00","2"
"mpumalanga","Public Health","2022/06/26 00:00:00","38"
"gauteng","Public Health","2022/01/22 00:00:00","3740"
"free state","Public Health","2021/03/11 00:00:00","322"
"gauteng","Private Health","2022/12/03 00:00:00","22"
"kwazulu-natal","Private Health","2022/02/08 00:00:00","2323"
"gauteng","Public Health","2022/09/20 00:00:00","1005"
"northern cape","Private Health","2022/02/17 00:00:00","328"
"free state","Public Health","2022/10/20 00:00:00","369"
"western cape","Private Health","2022/01/06 00:00:00","3543"
"western cape","Private Health","2021/02/24 00:00:00","178"
"north west","Public Health","2022/12/04 00:00:00","116"
"mpumalanga","Private Health","2022/03/22 00:00:00","825"
"limpopo","Public Health","2022/03/22 00:00:00","6809"
"mpumalanga","Public Health","2021/08/03 00:00:00","8776"
"northern cape","Private Health","2021/07/24 00:00:00","15"
"northern cape","Public Health","2021/12/17 00:00:00","785"
"kwazulu-natal","Private Health","2021/09/23 00:00:00","8296"
"north west","Public Health","2021/03/15 00:00:00","80"
"mpumalanga","Private Health","2021/11/21 00:00:00","11"
"limpopo","Private Health","2021/06/23 00:00:00","345"
"free state","Public Health","2021/05/11 00:00:00","535"
"gauteng","Public Health","2021/06/18 00:00:00","11796"
"limpopo","Private Health","2022/03/24 00:00:00","1798"
"western cape","Private Health","2022/10/08 00:00:00","33"
"eastern cape","Private Health","2022/02/25 00:00:00","1880"
"limpopo","Public Health","2022/03/30 00:00:00","8250"
"western cape","Public Health","2022/07/10 00:00:00","6"
"kwazulu-natal","Public Health","2022/04/05 00:00:00","6818"
"limpopo","Private Health","2022/01/20 00:00:00","1565"
"limpopo","Public Health","2021/07/30 00:00:00","9378"
"limpopo","Private Health","2022/01/28 00:00:00","1655"
"northern cape","Private Health","2022/11/03 00:00:00","2"
"eastern cape","Private Health","2021/10/22 00:00:00","4115"
"north west","Public Health","2021/10/24 00:00:00","5470"
"eastern cape","Public Health","2022/01/11 00:00:00","6575"
"eastern cape","Public Health","2021/10/05 00:00:00","17315"
"limpopo","Private Health","2021/10/05 00:00:00","4629"
"eastern cape","Private Health","2022/12/12 00:00:00","12"
"kwazulu-natal","Public Health","2021/05/22 00:00:00","1393"
"mpumalanga","Public Health","2021/08/06 00:00:00","7132"
"free state","Public Health","2022/09/05 00:00:00","476"
"mpumalanga","Private Health","2022/02/27 00:00:00","711"
"north west","Private Health","2022/06/07 00:00:00","378"
"limpopo","Private Health","2022/05/04 00:00:00","785"
"mpumalanga","Private Health","2021/05/27 00:00:00","148"
"free state","Private Health","2021/08/24 00:00:00","3075"
"kwazulu-natal","Private Health","2022/05/20 00:00:00","1217"
"western cape","Public Health","2022/06/13 00:00:00","1325"
"kwazulu-natal","Public Health","2021/08/02 00:00:00","26404"
"north west","Private Health","2022/01/14 00:00:00","1326"
"north west","Public Health","2021/10/28 00:00:00","8139"
"mpumalanga","Public Health","2022/03/27 00:00:00","313"
"limpopo","Public Health","2022/05/09 00:00:00","6388"
"gauteng","Public Health","2022/02/13 00:00:00","861"
"gauteng","Public Health","2021/05/09 00:00:00","1"
"mpumalanga","Public Health","2022/10/07 00:00:00","510"
"gauteng","Public Health","2022/01/17 00:00:00","15565"
"gauteng","Private Health","2021/09/05 00:00:00","4696"
"limpopo","Private Health","2021/06/16 00:00:00","5"
"kwazulu-natal","Public Health","2021/05/12 00:00:00","2285"
"kwazulu-natal","Public Health","2021/02/21 00:00:00","3"
"western cape","Private Health","2022/01/15 00:00:00","1359"
"north west","Public Health","2022/01/19 00:00:00","3903"
"northern cape","Public Health","2021/09/22 00:00:00","3441"
"gauteng","Public Health","2021/08/17 00:00:00","28766"
"north west","Public Health","2022/03/17 00:00:00","3471"
"north west","Private Health","2022/03/12 00:00:00","300"
"eastern cape","Private Health","2022/11/01 00:00:00","10"
"mpumalanga","Private Health","2021/08/09 00:00:00","90"
"mpumalanga","Public Health","2022/01/13 00:00:00","3275"
"gauteng","Private Health","2022/11/15 00:00:00","252"
"eastern cape","Public Health","2021/06/08 00:00:00","8118"
"gauteng","Public Health","2022/08/20 00:00:00","187"
"limpopo","Private Health","2021/10/07 00:00:00","5756"
"gauteng","Public Health","2022/09/06 00:00:00","1176"
"eastern cape","Private Health","2021/03/31 00:00:00","413"
"eastern cape","Public Health","2021/03/24 00:00:00","1014"
"free state","Public Health","2022/10/29 00:00:00","3"
"north west","Private Health","2021/09/06 00:00:00","4131"
"western cape","Private Health","2021/03/08 00:00:00","315"
"northern cape","Private Health","2022/06/07 00:00:00","103"
"eastern cape","Private Health","2021/07/22 00:00:00","4846"
"kwazulu-natal","Private Health","2022/12/12 00:00:00","21"
"north west","Private Health","2022/07/06 00:00:00","124"
"kwazulu-natal","Public Health","2022/06/26 00:00:00","306"
"western cape","Private Health","2022/01/23 00:00:00","113"
"gauteng","Private Health","2022/07/07 00:00:00","1349"
"north west","Private Health","2022/10/26 00:00:00","28"
"mpumalanga","Public Health","2022/11/15 00:00:00","665"
"northern cape","Private Health","2021/12/27 00:00:00","8"
"limpopo","Private Health","2022/05/22 00:00:00","77"
"western cape","Public Health","2021/10/03 00:00:00","5095"
"mpumalanga","Private Health","2022/08/27 00:00:00","5"
"mpumalanga","Public Health","2022/07/07 00:00:00","1372"
"free state","Private Health","2022/09/03 00:00:00","1"
"kwazulu-natal","Public Health","2022/09/16 00:00:00","890"
"free state","Private Health","2021/08/22 00:00:00","24"
"mpumalanga","Private Health","2021/11/23 00:00:00","1536"
"limpopo","Private Health","2021/05/23 00:00:00","1"
"limpopo","Private Health","2021/07/24 00:00:00","1016"
"limpopo","Public Health","2021/05/24 00:00:00","4689"
"limpopo","Public Health","2021/10/06 00:00:00","18196"
"limpopo","Private Health","2022/05/18 00:00:00","886"
"eastern cape","Private Health","2021/12/19 00:00:00","23"
"western cape","Private Health","2022/10/31 00:00:00","28"
"free state","Private Health","2021/08/03 00:00:00","2116"
"limpopo","Public Health","2022/03/10 00:00:00","6650"
"mpumalanga","Public Health","2021/09/27 00:00:00","8101"
"free state","Private Health","2021/10/08 00:00:00","3338"
"kwazulu-natal","Public Health","2022/08/17 00:00:00","1923"
"mpumalanga","Private Health","2021/06/03 00:00:00","249"
"eastern cape","Private Health","2022/05/12 00:00:00","760"
"limpopo","Private Health","2022/09/05 00:00:00","66"
"limpopo","Public Health","2022/12/10 00:00:00","2"
"mpumalanga","Private Health","2022/05/17 00:00:00","469"
"kwazulu-natal","Private Health","2022/07/06 00:00:00","315"
"gauteng","Private Health","2021/09/04 00:00:00","10061"
"western cape","Public Health","2022/06/15 00:00:00","1960"
"kwazulu-natal","Private Health","2022/10/07 00:00:00","53"
"free state","Public Health","2021/08/25 00:00:00","11822"
"mpumalanga","Public Health","2022/02/01 00:00:00","3617"
"limpopo","Private Health","2021/11/13 00:00:00","1030"
"limpopo","Public Health","2022/09/04 00:00:00","5"
"western cape","Private Health","2021/10/28 00:00:00","9580"
"limpopo","Public Health","2021/09/20 00:00:00","13050"
"western cape","Public Health","2021/07/21 00:00:00","25250"
"western cape","Private Health","2021/04/04 00:00:00","1"
"limpopo","Public Health","2022/06/06 00:00:00","4346"
"gauteng","Private Health","2022/12/10 00:00:00","92"
"free state","Public Health","2021/09/18 00:00:00","1840"
"kwazulu-natal","Private Health","2021/12/24 00:00:00","951"
"limpopo","Public Health","2022/08/28 00:00:00","11"
"northern cape","Public Health","2021/10/15 00:00:00","3458"
"north west","Private Health","2022/06/29 00:00:00","186"
"western cape","Public Health","2022/01/21 00:00:00","8112"
"gauteng","Private Health","2021/05/12 00:00:00","4439"
"western cape","Public Health","2021/03/08 00:00:00","221"
"eastern cape","Private Health","2022/03/12 00:00:00","587"
"gauteng","Public Health","2022/05/16 00:00:00","7649"
"kwazulu-natal","Private Health","2022/01/05 00:00:00","3187"
"western cape","Public Health","2022/03/17 00:00:00","8288"
"limpopo","Public Health","2021/12/16 00:00:00","2882"
"gauteng","Public Health","2021/12/02 00:00:00","27495"
"free state","Public Health","2021/11/13 00:00:00","5028"
"limpopo","Public Health","2021/03/21 00:00:00","1"
"western cape","Public Health","2021/05/12 00:00:00","3661"
"northern cape","Public Health","2022/09/06 00:00:00","86"
"limpopo","Private Health","2021/12/03 00:00:00","2708"
"mpumalanga","Public Health","2021/11/26 00:00:00","4308"
"mpumalanga","Private Health","2021/07/18 00:00:00","68"
"limpopo","Private Health","2022/04/18 00:00:00","46"
"western cape","Private Health","2021/12/29 00:00:00","3005"
"free state","Public Health","2021/12/27 00:00:00","2"
"western cape","Public Health","2022/09/17 00:00:00","96"
"kwazulu-natal","Private Health","2022/10/18 00:00:00","23"
"limpopo","Private Health","2021/08/08 00:00:00","19"
"eastern cape","Public Health","2022/10/16 00:00:00","1"
"eastern cape","Public Health","2021/05/31 00:00:00","5007"
"north west","Public Health","2021/07/30 00:00:00","7940"
"kwazulu-natal","Public Health","2021/08/05 00:00:00","22335"
"limpopo","Public Health","2021/09/27 00:00:00","12035"
"western cape","Public Health","2022/03/03 00:00:00","9842"
"gauteng","Private Health","2022/06/06 00:00:00","2642"
"western cape","Public Health","2022/04/15 00:00:00","29"
"western cape","Private Health","2021/10/27 00:00:00","9626"
"northern cape","Private Health","2021/06/10 00:00:00","77"
"kwazulu-natal","Public Health","2022/10/24 00:00:00","893"
"north west","Private Health","2021/06/12 00:00:00","26"
"western cape","Public Health","2022/04/01 00:00:00","4951"
"western cape","Public Health","2022/04/04 00:00:00","3414"
"north west","Private Health","2021/12/10 00:00:00","2085"
"kwazulu-natal","Public Health","2022/01/07 00:00:00","10610"
"western cape","Public Health","2022/02/11 00:00:00","5755"
"kwazulu-natal","Public Health","2022/10/22 00:00:00","90"
"limpopo","Public Health","2022/09/27 00:00:00","575"
"western cape","Public Health","2022/09/02 00:00:00","623"
"kwazulu-natal","Private Health","2022/11/24 00:00:00","31"
"eastern cape","Private Health","2022/08/10 00:00:00","106"
"north west","Public Health","2022/08/10 00:00:00","272"
"eastern cape","Public Health","2021/11/17 00:00:00","14039"
"free state","Public Health","2021/06/28 00:00:00","4302"
"western cape","Private Health","2021/08/20 00:00:00","18758"
"mpumalanga","Private Health","2021/09/10 00:00:00","4380"
"limpopo","Public Health","2021/11/11 00:00:00","10293"
"limpopo","Private Health","2022/06/16 00:00:00","30"
"northern cape","Public Health","2022/03/19 00:00:00","52"
"north west","Public Health","2022/10/09 00:00:00","76"
"gauteng","Public Health","2021/08/27 00:00:00","42054"
"mpumalanga","Public Health","2021/04/14 00:00:00","1"
"gauteng","Private Health","2022/01/14 00:00:00","15305"
"eastern cape","Private Health","2021/04/28 00:00:00","256"
"free state","Public Health","2021/05/18 00:00:00","364"
"north west","Public Health","2022/04/24 00:00:00","851"
"western cape","Private Health","2021/08/22 00:00:00","2023"
"eastern cape","Public Health","2021/12/30 00:00:00","1672"
"mpumalanga","Private Health","2021/08/26 00:00:00","4119"
"eastern cape","Private Health","2022/06/11 00:00:00","124"
"kwazulu-natal","Public Health","2021/07/23 00:00:00","39526"
"eastern cape","Public Health","2022/09/13 00:00:00","2470"
"northern cape","Public Health","2021/03/09 00:00:00","32"
"northern cape","Public Health","2022/10/17 00:00:00","180"
"kwazulu-natal","Public Health","2021/11/03 00:00:00","16507"
"kwazulu-natal","Private Health","2021/11/24 00:00:00","4428"
"kwazulu-natal","Private Health","2022/03/21 00:00:00","648"
"eastern cape","Private Health","2021/10/17 00:00:00","19"
"eastern cape","Private Health","2022/04/03 00:00:00","10"
"eastern cape","Private Health","2022/01/18 00:00:00","2075"
"western cape","Private Health","2021/05/26 00:00:00","471"
"free state","Private Health","2021/09/13 00:00:00","3224"
"mpumalanga","Public Health","2022/04/06 00:00:00","4598"
"limpopo","Private Health","2022/09/12 00:00:00","79"
"free state","Public Health","2022/03/14 00:00:00","4912"
"northern cape","Private Health","2022/03/03 00:00:00","558"
"mpumalanga","Private Health","2022/03/05 00:00:00","359"
"north west","Private Health","2021/06/05 00:00:00","14"
"mpumalanga","Private Health","2022/11/23 00:00:00","6"
"western cape","Public Health","2022/07/04 00:00:00","877"
"kwazulu-natal","Private Health","2021/02/26 00:00:00","515"
"northern cape","Public Health","2021/03/05 00:00:00","162"
"free state","Private Health","2021/11/23 00:00:00","1623"
"limpopo","Public Health","2022/03/07 00:00:00","6676"
"mpumalanga","Private Health","2022/07/08 00:00:00","265"
"limpopo","Private Health","2021/08/28 00:00:00","701"
"limpopo","Private Health","2022/09/25 00:00:00","1"
"northern cape","Private Health","2022/04/26 00:00:00","260"
"limpopo","Public Health","2021/12/12 00:00:00","43"
"eastern cape","Public Health","2022/09/19 00:00:00","1069"
"mpumalanga","Private Health","2022/02/21 00:00:00","907"
"north west","Private Health","2021/07/21 00:00:00","2331"
"north west","Public Health","2021/12/11 00:00:00","2752"
"north west","Private Health","2022/08/04 00:00:00","76"
"western cape","Private Health","2021/12/26 00:00:00","11"
"north west","Private Health","2021/12/30 00:00:00","629"
"limpopo","Private Health","2022/09/19 00:00:00","90"
"northern cape","Public Health","2022/01/10 00:00:00","980"
"eastern cape","Private Health","2022/07/14 00:00:00","134"
"northern cape","Private Health","2021/12/10 00:00:00","752"
"kwazulu-natal","Public Health","2022/09/05 00:00:00","1083"
"north west","Private Health","2022/05/23 00:00:00","526"
"gauteng","Public Health","2022/10/16 00:00:00","49"
"western cape","Public Health","2021/06/21 00:00:00","7435"
"mpumalanga","Public Health","2022/06/13 00:00:00","3252"
"northern cape","Public Health","2022/07/01 00:00:00","1000"
"north west","Public Health","2021/03/03 00:00:00","260"
"northern cape","Public Health","2022/11/04 00:00:00","184"
"free state","Private Health","2022/11/18 00:00:00","11"
"eastern cape","Private Health","2021/10/14 00:00:00","3470"
"eastern cape","Public Health","2022/05/11 00:00:00","9791"
"gauteng","Public Health","2021/08/28 00:00:00","11749"
"limpopo","Public Health","2021/04/06 00:00:00","7"
"northern cape","Private Health","2021/06/29 00:00:00","208"
"western cape","Public Health","2022/05/11 00:00:00","3055"
"mpumalanga","Public Health","2022/03/09 00:00:00","5884"
"north west","Public Health","2022/10/02 00:00:00","130"
"limpopo","Public Health","2021/05/29 00:00:00","1"
"limpopo","Public Health","2022/12/05 00:00:00","605"
"eastern cape","Public Health","2022/06/17 00:00:00","2594"
"free state","Public Health","2022/06/26 00:00:00","2"
"mpumalanga","Private Health","2021/08/25 00:00:00","3805"
"limpopo","Public Health","2022/08/11 00:00:00","1366"
"north west","Public Health","2021/09/02 00:00:00","9112"
"gauteng","Public Health","2022/12/02 00:00:00","1115"
"eastern cape","Public Health","2021/04/11 00:00:00","1"
"mpumalanga","Private Health","2021/10/23 00:00:00","385"
"kwazulu-natal","Private Health","2021/09/20 00:00:00","6011"
"kwazulu-natal","Private Health","2021/03/11 00:00:00","666"
"free state","Private Health","2021/06/09 00:00:00","154"
"mpumalanga","Private Health","2022/06/19 00:00:00","2"
"gauteng","Public Health","2022/11/01 00:00:00","1356"
"mpumalanga","Private Health","2022/05/26 00:00:00","528"
"kwazulu-natal","Public Health","2021/10/18 00:00:00","16640"
"northern cape","Private Health","2022/03/17 00:00:00","368"
"gauteng","Public Health","2021/07/29 00:00:00","35944"
"western cape","Private Health","2022/11/07 00:00:00","39"
"western cape","Public Health","2022/08/25 00:00:00","862"
"northern cape","Public Health","2022/08/03 00:00:00","178"
"north west","Public Health","2021/08/24 00:00:00","9938"
"kwazulu-natal","Public Health","2022/04/25 00:00:00","7292"
"northern cape","Private Health","2021/10/04 00:00:00","996"
"mpumalanga","Public Health","2022/07/27 00:00:00","2046"
"eastern cape","Private Health","2021/02/27 00:00:00","176"
"gauteng","Private Health","2021/07/19 00:00:00","28815"
"limpopo","Private Health","2022/06/19 00:00:00","35"
"gauteng","Private Health","2021/02/19 00:00:00","15"
"free state","Public Health","2022/04/19 00:00:00","3156"
"mpumalanga","Public Health","2021/09/05 00:00:00","383"
"north west","Private Health","2022/03/25 00:00:00","1336"
"eastern cape","Private Health","2021/03/05 00:00:00","346"
"gauteng","Public Health","2021/03/08 00:00:00","1523"
"eastern cape","Public Health","2021/05/26 00:00:00","6400"
"north west","Private Health","2022/11/06 00:00:00","1"
"eastern cape","Private Health","2021/07/24 00:00:00","942"
"free state","Public Health","2022/08/31 00:00:00","622"
"limpopo","Public Health","2021/02/20 00:00:00","429"
"western cape","Private Health","2021/06/26 00:00:00","179"
"mpumalanga","Public Health","2022/06/11 00:00:00","164"
"gauteng","Private Health","2022/04/04 00:00:00","7759"
"kwazulu-natal","Private Health","2022/03/17 00:00:00","2185"
"free state","Public Health","2022/02/07 00:00:00","3924"
"western cape","Public Health","2022/09/29 00:00:00","471"
"northern cape","Private Health","2021/08/07 00:00:00","37"
"limpopo","Public Health","2022/02/07 00:00:00","5060"
"gauteng","Private Health","2021/05/19 00:00:00","2712"
"kwazulu-natal","Private Health","2021/11/12 00:00:00","6637"
"limpopo","Public Health","2021/12/08 00:00:00","12744"
"kwazulu-natal","Private Health","2022/08/12 00:00:00","161"
"kwazulu-natal","Public Health","2022/09/22 00:00:00","939"
"eastern cape","Private Health","2022/08/26 00:00:00","94"
"gauteng","Public Health","2021/04/03 00:00:00","6"
"western cape","Public Health","2022/02/24 00:00:00","7235"
"mpumalanga","Private Health","2022/05/19 00:00:00","502"
"eastern cape","Public Health","2021/05/23 00:00:00","212"
"free state","Public Health","2021/09/23 00:00:00","10547"
"eastern cape","Private Health","2021/09/16 00:00:00","4540"
"mpumalanga","Private Health","2021/06/10 00:00:00","165"
"kwazulu-natal","Private Health","2021/03/09 00:00:00","612"
"free state","Public Health","2022/06/24 00:00:00","1460"
"gauteng","Private Health","2022/11/09 00:00:00","302"
"gauteng","Public Health","2021/04/10 00:00:00","4"
"limpopo","Public Health","2022/04/08 00:00:00","3934"
"mpumalanga","Private Health","2022/09/19 00:00:00","3"
"gauteng","Private Health","2021/03/04 00:00:00","708"
"eastern cape","Private Health","2021/06/03 00:00:00","870"
"northern cape","Public Health","2021/05/10 00:00:00","208"
"north west","Private Health","2022/06/06 00:00:00","369"
"kwazulu-natal","Private Health","2021/12/27 00:00:00","157"
"western cape","Public Health","2022/03/31 00:00:00","6298"
"eastern cape","Public Health","2022/08/24 00:00:00","509"
"gauteng","Private Health","2021/08/03 00:00:00","22040"
"gauteng","Public Health","2021/04/28 00:00:00","510"
"mpumalanga","Public Health","2022/05/02 00:00:00","101"
"eastern cape","Public Health","2021/05/22 00:00:00","161"
"kwazulu-natal","Public Health","2021/11/20 00:00:00","5294"
"western cape","Public Health","2022/04/02 00:00:00","161"
"north west","Private Health","2022/05/25 00:00:00","474"
"gauteng","Public Health","2022/03/17 00:00:00","11769"
"gauteng","Public Health","2022/09/27 00:00:00","1105"
"eastern cape","Public Health","2022/06/25 00:00:00","186"
"north west","Private Health","2022/07/15 00:00:00","99"
"western cape","Private Health","2022/05/17 00:00:00","1919"
"north west","Private Health","2022/04/07 00:00:00","827"
"northern cape","Private Health","2021/06/21 00:00:00","138"
"free state","Public Health","2022/03/26 00:00:00","301"
"free state","Private Health","2021/09/06 00:00:00","2983"
"mpumalanga","Private Health","2021/10/02 00:00:00","1082"
"north west","Public Health","2021/10/22 00:00:00","9573"
"gauteng","Public Health","2022/06/01 00:00:00","5413"
"free state","Public Health","2021/06/20 00:00:00","96"
"eastern cape","Private Health","2022/12/09 00:00:00","8"
"eastern cape","Private Health","2022/04/19 00:00:00","809"
"mpumalanga","Private Health","2022/02/10 00:00:00","579"
"kwazulu-natal","Private Health","2022/01/19 00:00:00","2792"
"limpopo","Public Health","2022/02/05 00:00:00","276"
"free state","Public Health","2021/08/17 00:00:00","7137"
"free state","Private Health","2021/08/06 00:00:00","1921"
"kwazulu-natal","Public Health","2021/12/22 00:00:00","6084"
"western cape","Private Health","2022/05/11 00:00:00","1923"
"mpumalanga","Public Health","2021/07/02 00:00:00","5717"
"eastern cape","Private Health","2022/07/13 00:00:00","171"
"north west","Public Health","2022/09/26 00:00:00","249"
"kwazulu-natal","Private Health","2022/05/28 00:00:00","655"
"kwazulu-natal","Private Health","2022/06/10 00:00:00","596"
"western cape","Public Health","2021/10/19 00:00:00","21291"
"kwazulu-natal","Private Health","2021/11/13 00:00:00","2987"
"north west","Private Health","2021/10/15 00:00:00","3698"
"western cape","Private Health","2021/11/18 00:00:00","6832"
"gauteng","Public Health","2022/06/13 00:00:00","4811"
"gauteng","Public Health","2021/05/25 00:00:00","11343"
"eastern cape","Private Health","2022/10/31 00:00:00","11"
"eastern cape","Public Health","2021/05/13 00:00:00","2729"
"free state","Public Health","2022/01/16 00:00:00","4"
"northern cape","Public Health","2021/06/03 00:00:00","398"
"western cape","Public Health","2021/02/22 00:00:00","930"
"limpopo","Private Health","2022/08/12 00:00:00","183"
"gauteng","Public Health","2022/06/02 00:00:00","5485"
"kwazulu-natal","Public Health","2021/08/13 00:00:00","15448"
"kwazulu-natal","Public Health","2021/05/18 00:00:00","15356"
"limpopo","Public Health","2021/08/16 00:00:00","12348"
"kwazulu-natal","Public Health","2021/03/09 00:00:00","2136"
"northern cape","Public Health","2021/09/19 00:00:00","187"
"western cape","Public Health","2021/05/22 00:00:00","166"
"mpumalanga","Private Health","2021/10/07 00:00:00","3349"
"gauteng","Private Health","2022/07/23 00:00:00","398"
"kwazulu-natal","Public Health","2022/09/11 00:00:00","47"
"western cape","Public Health","2022/05/27 00:00:00","2753"
"eastern cape","Private Health","2021/10/02 00:00:00","1533"
"limpopo","Private Health","2022/11/09 00:00:00","74"
"mpumalanga","Public Health","2021/12/29 00:00:00","3096"
"eastern cape","Public Health","2022/04/19 00:00:00","4727"
"western cape","Private Health","2022/05/24 00:00:00","1327"
"kwazulu-natal","Public Health","2021/09/02 00:00:00","29721"
"northern cape","Public Health","2022/01/26 00:00:00","837"
"kwazulu-natal","Private Health","2021/07/27 00:00:00","6935"
"free state","Private Health","2021/10/03 00:00:00","172"
"kwazulu-natal","Public Health","2022/06/30 00:00:00","2662"
"kwazulu-natal","Public Health","2021/07/11 00:00:00","2644"
"western cape","Private Health","2021/12/15 00:00:00","5644"
"northern cape","Public Health","2021/05/21 00:00:00","360"
"mpumalanga","Private Health","2021/12/11 00:00:00","358"
"kwazulu-natal","Private Health","2021/06/30 00:00:00","3260"
"free state","Public Health","2022/01/10 00:00:00","5292"
"free state","Private Health","2022/09/15 00:00:00","12"
"northern cape","Public Health","2022/08/15 00:00:00","169"
"mpumalanga","Private Health","2022/02/11 00:00:00","662"
"mpumalanga","Public Health","2022/04/17 00:00:00","66"
"gauteng","Public Health","2022/09/26 00:00:00","1015"
"mpumalanga","Private Health","2022/02/03 00:00:00","769"
"north west","Private Health","2021/11/07 00:00:00","84"
"western cape","Public Health","2021/05/06 00:00:00","1859"
"limpopo","Private Health","2021/10/09 00:00:00","693"
"northern cape","Public Health","2021/10/21 00:00:00","4730"
"gauteng","Public Health","2021/12/15 00:00:00","20318"
"western cape","Public Health","2021/03/11 00:00:00","1196"
"free state","Private Health","2022/08/30 00:00:00","15"
"north west","Private Health","2021/10/19 00:00:00","2975"
"gauteng","Private Health","2021/03/09 00:00:00","983"
"western cape","Private Health","2021/06/17 00:00:00","4039"
"mpumalanga","Public Health","2022/01/11 00:00:00","4646"
"limpopo","Private Health","2021/09/12 00:00:00","4"
"eastern cape","Public Health","2022/11/19 00:00:00","8"
"eastern cape","Public Health","2022/01/20 00:00:00","5336"
"northern cape","Public Health","2021/06/23 00:00:00","1535"
"eastern cape","Private Health","2022/10/12 00:00:00","29"
"free state","Public Health","2022/11/24 00:00:00","360"
"kwazulu-natal","Private Health","2022/04/20 00:00:00","1065"
"eastern cape","Private Health","2022/10/07 00:00:00","34"
"mpumalanga","Public Health","2021/10/05 00:00:00","8978"
"eastern cape","Private Health","2022/10/29 00:00:00","5"
"free state","Private Health","2021/09/10 00:00:00","3382"
"north west","Private Health","2021/09/09 00:00:00","5035"
"north west","Private Health","2022/05/11 00:00:00","697"
"limpopo","Public Health","2022/07/06 00:00:00","1189"
"limpopo","Public Health","2021/12/01 00:00:00","16052"
"gauteng","Public Health","2022/10/23 00:00:00","44"
"kwazulu-natal","Public Health","2022/09/13 00:00:00","1132"
"western cape","Public Health","2022/08/04 00:00:00","1259"
"gauteng","Public Health","2021/07/06 00:00:00","22587"
"eastern cape","Public Health","2022/09/28 00:00:00","1491"
"gauteng","Private Health","2022/05/17 00:00:00","4125"
"eastern cape","Public Health","2021/10/17 00:00:00","1790"
"limpopo","Private Health","2022/03/26 00:00:00","373"
"northern cape","Public Health","2021/11/02 00:00:00","2914"
"mpumalanga","Private Health","2022/04/02 00:00:00","229"
"western cape","Private Health","2022/01/13 00:00:00","4899"
"northern cape","Public Health","2022/03/31 00:00:00","931"
"free state","Public Health","2022/07/21 00:00:00","1096"
"eastern cape","Private Health","2022/12/06 00:00:00","5"
"north west","Public Health","2022/07/26 00:00:00","458"
"limpopo","Public Health","2021/09/18 00:00:00","503"
"kwazulu-natal","Private Health","2022/07/28 00:00:00","148"
"mpumalanga","Public Health","2022/02/04 00:00:00","3634"
"free state","Public Health","2021/12/18 00:00:00","188"
"north west","Public Health","2022/06/27 00:00:00","877"
"gauteng","Public Health","2021/03/24 00:00:00","1647"
"gauteng","Public Health","2022/10/22 00:00:00","95"
"limpopo","Private Health","2022/03/03 00:00:00","2095"
"gauteng","Public Health","2021/06/20 00:00:00","124"
"limpopo","Public Health","2021/06/03 00:00:00","7842"
"free state","Private Health","2022/04/02 00:00:00","132"
"gauteng","Private Health","2022/02/06 00:00:00","650"
"mpumalanga","Private Health","2021/06/27 00:00:00","2"
"free state","Private Health","2022/12/07 00:00:00","3"
"northern cape","Public Health","2022/08/10 00:00:00","141"
"limpopo","Private Health","2021/09/02 00:00:00","4919"
"mpumalanga","Public Health","2022/03/13 00:00:00","347"
"north west","Public Health","2022/07/06 00:00:00","701"
"northern cape","Public Health","2021/08/30 00:00:00","4190"
"eastern cape","Private Health","2022/01/27 00:00:00","1565"
"gauteng","Public Health","2022/05/08 00:00:00","356"
"limpopo","Public Health","2021/05/23 00:00:00","822"
"western cape","Public Health","2021/09/04 00:00:00","5584"
"eastern cape","Public Health","2022/02/27 00:00:00","136"
"limpopo","Private Health","2022/09/23 00:00:00","129"
"north west","Private Health","2021/06/27 00:00:00","1"
"kwazulu-natal","Private Health","2022/03/16 00:00:00","2346"
"mpumalanga","Private Health","2022/12/02 00:00:00","1"
"north west","Public Health","2021/08/30 00:00:00","10008"
"gauteng","Public Health","2021/03/15 00:00:00","700"
"gauteng","Public Health","2021/08/02 00:00:00","33250"
"gauteng","Private Health","2021/07/26 00:00:00","23532"
"eastern cape","Public Health","2022/10/29 00:00:00","12"
"north west","Public Health","2021/03/25 00:00:00","731"
"gauteng","Public Health","2022/09/14 00:00:00","1098"
"limpopo","Private Health","2022/01/21 00:00:00","1790"
"north west","Public Health","2022/01/30 00:00:00","532"
"free state","Private Health","2021/05/18 00:00:00","1"
"mpumalanga","Private Health","2021/06/22 00:00:00","339"
"kwazulu-natal","Public Health","2022/03/18 00:00:00","10527"
"western cape","Public Health","2021/11/14 00:00:00","2327"
"mpumalanga","Private Health","2021/03/17 00:00:00","212"
"limpopo","Public Health","2021/04/01 00:00:00","76"
"limpopo","Private Health","2022/09/04 00:00:00","5"
"north west","Public Health","2021/04/08 00:00:00","145"
"eastern cape","Public Health","2022/01/15 00:00:00","208"
"kwazulu-natal","Private Health","2022/06/04 00:00:00","451"
"eastern cape","Public Health","2021/08/04 00:00:00","21563"
"limpopo","Private Health","2022/08/23 00:00:00","157"
"northern cape","Private Health","2022/05/17 00:00:00","247"
"limpopo","Private Health","2021/07/25 00:00:00","37"
"limpopo","Public Health","2022/05/26 00:00:00","7162"
"north west","Private Health","2021/06/28 00:00:00","339"
"kwazulu-natal","Public Health","2022/07/12 00:00:00","2587"
"limpopo","Public Health","2022/10/06 00:00:00","826"
"mpumalanga","Private Health","2021/12/22 00:00:00","876"
"northern cape","Private Health","2022/02/11 00:00:00","407"
"limpopo","Private Health","2021/11/17 00:00:00","2395"
"gauteng","Public Health","2022/08/05 00:00:00","1128"
"eastern cape","Public Health","2021/03/18 00:00:00","1092"
"gauteng","Public Health","2021/10/16 00:00:00","8254"
"limpopo","Public Health","2022/08/13 00:00:00","28"
"mpumalanga","Public Health","2021/12/16 00:00:00","404"
"kwazulu-natal","Public Health","2022/07/27 00:00:00","3215"
"free state","Public Health","2022/09/15 00:00:00","521"
"north west","Private Health","2022/10/31 00:00:00","31"
"kwazulu-natal","Public Health","2022/11/07 00:00:00","821"
"kwazulu-natal","Public Health","2021/10/25 00:00:00","18539"
"kwazulu-natal","Private Health","2022/08/22 00:00:00","138"
"kwazulu-natal","Private Health","2022/09/20 00:00:00","43"
"free state","Private Health","2021/07/13 00:00:00","1516"
"northern cape","Public Health","2022/05/30 00:00:00","1126"
"northern cape","Public Health","2022/08/29 00:00:00","82"
"western cape","Public Health","2021/03/26 00:00:00","1880"
"free state","Private Health","2021/12/29 00:00:00","860"
"kwazulu-natal","Private Health","2021/09/26 00:00:00","816"
"eastern cape","Private Health","2021/10/18 00:00:00","3132"
"kwazulu-natal","Private Health","2021/06/01 00:00:00","1286"
"north west","Private Health","2021/12/13 00:00:00","1414"
"gauteng","Private Health","2022/10/03 00:00:00","328"
"eastern cape","Private Health","2021/07/14 00:00:00","3623"
"eastern cape","Private Health","2021/12/26 00:00:00","2"
"gauteng","Public Health","2021/09/04 00:00:00","8475"
"kwazulu-natal","Public Health","2022/03/30 00:00:00","9407"
"western cape","Public Health","2021/03/21 00:00:00","4"
"limpopo","Private Health","2022/01/31 00:00:00","1366"
"gauteng","Private Health","2022/06/30 00:00:00","2565"
"north west","Private Health","2022/11/15 00:00:00","25"
"north west","Private Health","2021/10/04 00:00:00","4673"
"north west","Public Health","2022/03/31 00:00:00","3859"
"north west","Private Health","2021/08/14 00:00:00","1081"
"western cape","Private Health","2022/09/22 00:00:00","39"
"gauteng","Public Health","2022/10/02 00:00:00","17"
"gauteng","Private Health","2022/04/03 00:00:00","377"
"limpopo","Public Health","2022/06/10 00:00:00","2950"
"western cape","Public Health","2022/11/01 00:00:00","567"
"north west","Public Health","2021/06/10 00:00:00","3275"
"limpopo","Private Health","2022/04/22 00:00:00","844"
"north west","Public Health","2022/05/29 00:00:00","1076"
"limpopo","Public Health","2021/09/16 00:00:00","18405"
"limpopo","Private Health","2022/10/01 00:00:00","33"
"limpopo","Public Health","2021/12/04 00:00:00","7652"
"limpopo","Public Health","2022/03/25 00:00:00","5287"
"kwazulu-natal","Public Health","2021/10/15 00:00:00","21778"
"mpumalanga","Private Health","2021/09/17 00:00:00","4022"
"kwazulu-natal","Private Health","2021/10/21 00:00:00","5391"
"north west","Private Health","2022/03/27 00:00:00","6"
"north west","Public Health","2022/04/01 00:00:00","2613"
"limpopo","Public Health","2022/04/07 00:00:00","4652"
"kwazulu-natal","Private Health","2021/12/03 00:00:00","6041"
"mpumalanga","Public Health","2022/07/10 00:00:00","33"
"free state","Public Health","2022/06/30 00:00:00","1380"
"kwazulu-natal","Private Health","2021/06/25 00:00:00","1208"
"northern cape","Public Health","2022/11/17 00:00:00","216"
"limpopo","Private Health","2021/06/18 00:00:00","297"
"mpumalanga","Public Health","2022/06/01 00:00:00","4461"
"western cape","Private Health","2021/08/24 00:00:00","17142"
"free state","Private Health","2021/06/01 00:00:00","205"
"limpopo","Public Health","2021/05/27 00:00:00","7146"
"eastern cape","Private Health","2021/11/16 00:00:00","3047"
"free state","Public Health","2021/06/06 00:00:00","640"
"limpopo","Private Health","2021/12/02 00:00:00","2859"
"mpumalanga","Private Health","2021/03/10 00:00:00","266"
"northern cape","Private Health","2022/03/09 00:00:00","461"
"gauteng","Public Health","2021/03/21 00:00:00","17"
"limpopo","Public Health","2022/08/29 00:00:00","1262"
"eastern cape","Public Health","2021/05/29 00:00:00","13"
"western cape","Public Health","2021/05/25 00:00:00","6504"
"free state","Private Health","2022/11/28 00:00:00","46"
"limpopo","Public Health","2022/01/18 00:00:00","6525"
"gauteng","Public Health","2022/10/04 00:00:00","1004"
"gauteng","Private Health","2021/09/15 00:00:00","32922"
"kwazulu-natal","Private Health","2022/02/14 00:00:00","2000"
"mpumalanga","Public Health","2022/08/27 00:00:00","24"
"mpumalanga","Private Health","2022/05/31 00:00:00","309"
"north west","Private Health","2022/03/24 00:00:00","1300"
"kwazulu-natal","Public Health","2022/03/08 00:00:00","14338"
"western cape","Public Health","2021/08/07 00:00:00","1639"
"north west","Public Health","2022/11/11 00:00:00","243"
"north west","Public Health","2022/11/12 00:00:00","80"
"gauteng","Private Health","2021/04/22 00:00:00","1"
"western cape","Private Health","2021/08/25 00:00:00","17181"
"eastern cape","Private Health","2022/11/17 00:00:00","3"
"gauteng","Public Health","2021/12/08 00:00:00","27195"
"free state","Public Health","2022/04/23 00:00:00","202"
"mpumalanga","Public Health","2021/12/15 00:00:00","4511"
"mpumalanga","Public Health","2022/01/20 00:00:00","4136"
"north west","Public Health","2021/09/11 00:00:00","5244"
"northern cape","Private Health","2021/10/09 00:00:00","216"
"kwazulu-natal","Public Health","2021/07/01 00:00:00","28227"
"limpopo","Private Health","2022/03/30 00:00:00","1738"
"northern cape","Public Health","2021/07/26 00:00:00","3958"
"free state","Private Health","2022/02/11 00:00:00","807"
"limpopo","Private Health","2022/03/19 00:00:00","437"
"limpopo","Public Health","2022/06/24 00:00:00","1935"
"mpumalanga","Public Health","2022/03/25 00:00:00","4239"
"kwazulu-natal","Public Health","2022/02/25 00:00:00","14129"
"gauteng","Private Health","2021/05/14 00:00:00","4951"
"northern cape","Private Health","2022/02/16 00:00:00","310"
"mpumalanga","Private Health","2022/05/29 00:00:00","13"
"mpumalanga","Public Health","2022/08/20 00:00:00","44"
"north west","Public Health","2021/02/20 00:00:00","541"
"mpumalanga","Public Health","2021/11/02 00:00:00","7520"
"western cape","Public Health","2021/09/08 00:00:00","29058"
"kwazulu-natal","Private Health","2021/09/08 00:00:00","8095"
"limpopo","Public Health","2022/10/29 00:00:00","3"
"eastern cape","Public Health","2022/06/22 00:00:00","4558"
"western cape","Private Health","2022/06/26 00:00:00","57"
"gauteng","Public Health","2022/04/20 00:00:00","8675"
"gauteng","Public Health","2022/01/24 00:00:00","14221"
"limpopo","Private Health","2022/08/25 00:00:00","552"
"mpumalanga","Public Health","2021/08/08 00:00:00","226"
"mpumalanga","Public Health","2022/07/18 00:00:00","1709"
"free state","Public Health","2021/06/24 00:00:00","6520"
"gauteng","Private Health","2022/01/05 00:00:00","10857"
"gauteng","Private Health","2022/01/16 00:00:00","616"
"mpumalanga","","2022/11/04 00:00:00","1"
"eastern cape","Private Health","2022/08/27 00:00:00","40"
"north west","Private Health","2022/09/24 00:00:00","10"
"mpumalanga","Public Health","2022/03/29 00:00:00","5235"
"kwazulu-natal","Private Health","2022/01/08 00:00:00","1798"
"kwazulu-natal","Public Health","2021/07/16 00:00:00","10377"
"north west","Public Health","2022/07/29 00:00:00","332"
"gauteng","Public Health","2022/07/27 00:00:00","1621"
"western cape","Public Health","2021/07/01 00:00:00","13080"
"northern cape","Public Health","2021/12/12 00:00:00","335"
"northern cape","Private Health","2022/11/19 00:00:00","1"
"mpumalanga","Private Health","2022/04/28 00:00:00","548"
"limpopo","Public Health","2021/10/28 00:00:00","19689"
"north west","Public Health","2021/11/24 00:00:00","6244"
"western cape","Private Health","2021/03/04 00:00:00","275"
"north west","Public Health","2022/04/19 00:00:00","2668"
"northern cape","Private Health","2022/01/16 00:00:00","29"
"kwazulu-natal","Private Health","2022/05/24 00:00:00","740"
"kwazulu-natal","Public Health","2022/09/28 00:00:00","929"
"northern cape","Private Health","2022/03/14 00:00:00","330"
"northern cape","Private Health","2021/10/08 00:00:00","1606"
"north west","Public Health","2022/10/20 00:00:00","476"
"eastern cape","Private Health","2022/05/02 00:00:00","54"
"eastern cape","Private Health","2021/05/14 00:00:00","199"
"limpopo","Public Health","2022/05/07 00:00:00","348"
"free state","Public Health","2022/03/23 00:00:00","4846"
"western cape","Public Health","2022/03/11 00:00:00","8987"
"mpumalanga","Public Health","2022/04/11 00:00:00","4862"
"northern cape","Private Health","2022/04/21 00:00:00","175"
"gauteng","Private Health","2022/09/02 00:00:00","600"
"north west","Public Health","2022/06/05 00:00:00","569"
"northern cape","Public Health","2021/06/22 00:00:00","1354"
"western cape","Private Health","2021/11/05 00:00:00","8492"
"north west","Public Health","2022/07/09 00:00:00","303"
"limpopo","Public Health","2022/05/28 00:00:00","342"
"gauteng","Public Health","2021/05/16 00:00:00","1"
"kwazulu-natal","Public Health","2022/01/04 00:00:00","8905"
"western cape","Private Health","2022/07/22 00:00:00","451"
"kwazulu-natal","Public Health","2021/12/09 00:00:00","12535"
"western cape","Public Health","2021/10/23 00:00:00","5342"
"limpopo","Public Health","2021/06/20 00:00:00","171"
"western cape","Public Health","2022/01/29 00:00:00","741"
"mpumalanga","Public Health","2021/09/15 00:00:00","13713"
"eastern cape","Public Health","2022/07/09 00:00:00","49"
"gauteng","Private Health","2022/04/12 00:00:00","5818"
"kwazulu-natal","Private Health","2021/07/15 00:00:00","321"
"mpumalanga","Private Health","2022/09/20 00:00:00","7"
"kwazulu-natal","Public Health","2021/11/29 00:00:00","17157"
"mpumalanga","Private Health","2022/10/24 00:00:00","6"
"eastern cape","Private Health","2021/03/01 00:00:00","4"
"kwazulu-natal","Private Health","2022/01/17 00:00:00","3872"
"northern cape","Private Health","2021/07/02 00:00:00","160"
"western cape","Private Health","2021/07/07 00:00:00","9672"
"north west","Private Health","2022/09/19 00:00:00","18"
"eastern cape","Private Health","2021/08/15 00:00:00","16"
"eastern cape","Private Health","2022/03/08 00:00:00","2006"
"free state","Private Health","2022/08/12 00:00:00","30"
"free state","Public Health","2021/03/19 00:00:00","631"
"eastern cape","Private Health","2021/11/15 00:00:00","2905"
"eastern cape","Private Health","2022/02/07 00:00:00","1333"
"northern cape","Private Health","2022/07/25 00:00:00","27"
"eastern cape","Public Health","2022/06/21 00:00:00","4438"
"free state","Private Health","2022/04/01 00:00:00","1052"
"eastern cape","Private Health","2022/11/04 00:00:00","32"
"western cape","Private Health","2021/10/31 00:00:00","192"
"mpumalanga","Public Health","2022/05/21 00:00:00","202"
"kwazulu-natal","Public Health","2021/02/17 00:00:00","51"
"mpumalanga","Private Health","2021/10/16 00:00:00","326"
"northern cape","Private Health","2022/01/07 00:00:00","441"
"kwazulu-natal","Public Health","2021/07/24 00:00:00","11232"
"north west","Public Health","2021/05/10 00:00:00","269"
"western cape","Private Health","2022/06/02 00:00:00","1133"
"mpumalanga","Private Health","2022/02/07 00:00:00","641"
"kwazulu-natal","Public Health","2021/12/06 00:00:00","13692"
"north west","Private Health","2021/08/07 00:00:00","1240"
"gauteng","Private Health","2021/06/23 00:00:00","4724"
"kwazulu-natal","Private Health","2022/11/03 00:00:00","29"
"kwazulu-natal","Private Health","2021/05/10 00:00:00","1399"
"gauteng","Private Health","2021/10/06 00:00:00","30795"
"limpopo","Private Health","2022/02/25 00:00:00","1543"
"kwazulu-natal","Public Health","2021/09/20 00:00:00","15189"
"mpumalanga","Public Health","2021/07/01 00:00:00","5496"
"mpumalanga","Private Health","2021/09/29 00:00:00","2361"
"kwazulu-natal","Public Health","2022/09/18 00:00:00","35"
"gauteng","Public Health","2022/07/21 00:00:00","1633"
"eastern cape","Private Health","2022/05/16 00:00:00","678"
"eastern cape","Public Health","2021/05/06 00:00:00","1705"
"northern cape","Private Health","2021/12/18 00:00:00","120"
"free state","Public Health","2022/07/08 00:00:00","947"
"free state","Public Health","2021/04/09 00:00:00","249"
"western cape","Private Health","2022/07/21 00:00:00","430"
"northern cape","Private Health","2021/10/13 00:00:00","972"
"kwazulu-natal","Private Health","2021/07/31 00:00:00","2140"
"gauteng","Private Health","2021/11/20 00:00:00","6378"
"eastern cape","Private Health","2022/06/25 00:00:00","82"
"limpopo","Public Health","2022/04/30 00:00:00","212"
"limpopo","Private Health","2021/10/04 00:00:00","4447"
"gauteng","Public Health","2021/10/05 00:00:00","32263"
"mpumalanga","Public Health","2022/05/13 00:00:00","3895"
"limpopo","Public Health","2022/03/08 00:00:00","6764"
"eastern cape","Private Health","2021/11/08 00:00:00","2384"
"gauteng","Public Health","2021/05/24 00:00:00","9630"
"eastern cape","Public Health","2021/06/09 00:00:00","7712"
"north west","Public Health","2022/05/15 00:00:00","778"
"kwazulu-natal","Public Health","2022/08/02 00:00:00","2626"
"gauteng","Private Health","2022/07/25 00:00:00","822"
"limpopo","Private Health","2022/08/01 00:00:00","199"
"western cape","Public Health","2021/11/21 00:00:00","341"
"kwazulu-natal","Private Health","2021/07/02 00:00:00","5132"
"kwazulu-natal","Public Health","2021/09/05 00:00:00","4574"
"gauteng","Private Health","2022/03/15 00:00:00","10365"
"limpopo","Public Health","2022/04/11 00:00:00","5006"
"gauteng","Public Health","2022/10/27 00:00:00","1240"
"northern cape","Public Health","2021/09/29 00:00:00","2371"
"gauteng","Public Health","2021/05/13 00:00:00","2454"
"gauteng","Public Health","2021/05/12 00:00:00","3172"
"north west","Public Health","2022/10/12 00:00:00","304"
"eastern cape","Public Health","2022/07/16 00:00:00","34"
"gauteng","Public Health","2021/04/12 00:00:00","320"
"eastern cape","Public Health","2022/03/01 00:00:00","9097"
"eastern cape","Private Health","2021/11/23 00:00:00","2417"
"limpopo","Public Health","2021/04/26 00:00:00","1"
"gauteng","Private Health","2022/07/27 00:00:00","905"
"northern cape","Private Health","2021/11/21 00:00:00","203"
"mpumalanga","Private Health","2022/07/14 00:00:00","258"
"western cape","Public Health","2022/03/09 00:00:00","9429"
"northern cape","Public Health","2021/10/25 00:00:00","3153"
"north west","Private Health","2022/03/08 00:00:00","1128"
"north west","Private Health","2021/08/11 00:00:00","3509"
"north west","Private Health","2022/10/20 00:00:00","33"
"kwazulu-natal","Private Health","2021/03/01 00:00:00","12"
"northern cape","Public Health","2022/03/07 00:00:00","944"
"limpopo","Public Health","2021/11/28 00:00:00","502"
"kwazulu-natal","Private Health","2022/06/11 00:00:00","401"
"north west","Public Health","2021/12/08 00:00:00","7341"
"kwazulu-natal","Private Health","2022/07/17 00:00:00","3"
"northern cape","Public Health","2021/06/28 00:00:00","1658"
"mpumalanga","Public Health","2022/04/05 00:00:00","3890"
"kwazulu-natal","Public Health","2022/10/10 00:00:00","759"
"western cape","Private Health","2021/09/10 00:00:00","16080"
"limpopo","Public Health","2021/06/13 00:00:00","63"
"kwazulu-natal","Public Health","2022/01/23 00:00:00","1042"
"eastern cape","Private Health","2022/01/08 00:00:00","298"
"north west","Private Health","2022/10/01 00:00:00","10"
"free state","Public Health","2021/10/22 00:00:00","10211"
"kwazulu-natal","Private Health","2022/09/13 00:00:00","45"
"kwazulu-natal","Public Health","2021/05/04 00:00:00","1710"
"limpopo","Public Health","2021/11/16 00:00:00","9572"
"kwazulu-natal","Private Health","2021/06/04 00:00:00","681"
"mpumalanga","Private Health","2021/11/01 00:00:00","212"
"northern cape","Private Health","2021/11/02 00:00:00","1112"
"kwazulu-natal","Private Health","2021/11/10 00:00:00","4110"
"eastern cape","Public Health","2021/03/11 00:00:00","427"
"eastern cape","Private Health","2021/11/12 00:00:00","3862"
"limpopo","Public Health","2022/05/20 00:00:00","4547"
"gauteng","Public Health","2022/04/26 00:00:00","10524"
"gauteng","Private Health","2022/10/01 00:00:00","158"
"mpumalanga","Public Health","2022/06/23 00:00:00","2710"
"mpumalanga","Public Health","2021/12/08 00:00:00","6722"
"eastern cape","Public Health","2022/09/17 00:00:00","2"
"limpopo","Private Health","2022/02/13 00:00:00","42"
"limpopo","Private Health","2022/03/31 00:00:00","1653"
"mpumalanga","Public Health","2021/09/03 00:00:00","13814"
"gauteng","Private Health","2021/11/19 00:00:00","21313"
"kwazulu-natal","Private Health","2022/05/05 00:00:00","1135"
"north west","Private Health","2021/09/23 00:00:00","4289"
"eastern cape","Public Health","2022/05/26 00:00:00","6937"
"kwazulu-natal","Private Health","2022/02/24 00:00:00","2552"
"limpopo","Private Health","2022/05/01 00:00:00","51"
"kwazulu-natal","Private Health","2022/02/03 00:00:00","2110"
"gauteng","Public Health","2022/07/02 00:00:00","336"
"eastern cape","Private Health","2022/03/03 00:00:00","2409"
"western cape","Public Health","2022/11/08 00:00:00","617"
"free state","Private Health","2021/06/14 00:00:00","319"
"limpopo","Public Health","2021/04/09 00:00:00","1"
"kwazulu-natal","Public Health","2021/12/16 00:00:00","2249"
"kwazulu-natal","Public Health","2021/09/26 00:00:00","2134"
"mpumalanga","Private Health","2022/04/23 00:00:00","210"
"limpopo","Public Health","2022/10/08 00:00:00","4"
"eastern cape","Private Health","2022/09/05 00:00:00","69"
"mpumalanga","Private Health","2022/01/12 00:00:00","1047"
"western cape","Private Health","2022/08/09 00:00:00","62"
"eastern cape","Private Health","2022/01/20 00:00:00","1544"
"gauteng","Private Health","2021/06/07 00:00:00","9129"
"western cape","Public Health","2021/08/20 00:00:00","39151"
"kwazulu-natal","Public Health","2022/05/11 00:00:00","10071"
"mpumalanga","Private Health","2022/12/06 00:00:00","0"
"free state","Private Health","2021/10/31 00:00:00","28"
"limpopo","Private Health","2021/08/24 00:00:00","4953"
"northern cape","Public Health","2021/08/31 00:00:00","4788"
"gauteng","Private Health","2022/08/30 00:00:00","578"
"gauteng","Private Health","2021/11/18 00:00:00","17104"
"northern cape","Public Health","2022/01/21 00:00:00","727"
"eastern cape","Public Health","2022/08/06 00:00:00","40"
"mpumalanga","Public Health","2022/02/14 00:00:00","3371"
"western cape","Private Health","2022/08/25 00:00:00","186"
"northern cape","Public Health","2022/11/08 00:00:00","144"
"limpopo","Public Health","2021/12/26 00:00:00","10"
"limpopo","Private Health","2021/12/12 00:00:00","32"
"northern cape","Private Health","2021/06/09 00:00:00","119"
"kwazulu-natal","Public Health","2022/07/16 00:00:00","300"
"western cape","Private Health","2021/02/17 00:00:00","2"
"north west","Public Health","2021/11/12 00:00:00","7285"
"limpopo","Private Health","2021/12/14 00:00:00","2112"
"gauteng","Public Health","2022/12/12 00:00:00","961"
"gauteng","Private Health","2022/04/18 00:00:00","605"
"eastern cape","Private Health","2021/07/18 00:00:00","33"
"mpumalanga","Public Health","2021/06/17 00:00:00","5570"
"northern cape","Public Health","2022/12/05 00:00:00","136"
"gauteng","Public Health","2022/05/15 00:00:00","993"
"kwazulu-natal","Public Health","2021/12/20 00:00:00","7096"
"free state","Public Health","2021/06/10 00:00:00","4208"
"free state","Public Health","2021/08/16 00:00:00","5618"
"free state","Public Health","2021/12/15 00:00:00","4453"
"gauteng","Private Health","2022/05/13 00:00:00","6056"
"north west","Public Health","2022/06/18 00:00:00","626"
"northern cape","Private Health","2022/01/29 00:00:00","88"
"gauteng","Private Health","2022/07/24 00:00:00","35"
"western cape","Private Health","2021/08/12 00:00:00","11082"
"kwazulu-natal","Private Health","2022/06/21 00:00:00","509"
"free state","Private Health","2021/08/13 00:00:00","1884"
"north west","Public Health","2022/05/11 00:00:00","3020"
"kwazulu-natal","Private Health","2022/06/12 00:00:00","34"
"limpopo","Private Health","2021/10/01 00:00:00","4129"
"eastern cape","Public Health","2021/05/21 00:00:00","3770"
"eastern cape","Public Health","2021/11/12 00:00:00","14077"
"gauteng","Private Health","2022/07/05 00:00:00","1292"
"northern cape","Public Health","2021/09/11 00:00:00","1232"
"limpopo","Public Health","2022/09/19 00:00:00","820"
"free state","Public Health","2022/03/19 00:00:00","240"
"kwazulu-natal","Public Health","2022/11/03 00:00:00","895"
"northern cape","Private Health","2022/01/20 00:00:00","427"
"free state","Private Health","2021/10/05 00:00:00","3193"
"northern cape","Public Health","2021/11/19 00:00:00","2413"
"limpopo","Public Health","2021/08/10 00:00:00","19859"
"limpopo","Private Health","2021/11/02 00:00:00","4203"
"mpumalanga","Public Health","2021/11/25 00:00:00","5255"
"eastern cape","Public Health","2021/06/29 00:00:00","20187"
"eastern cape","Public Health","2022/03/06 00:00:00","128"
"free state","Private Health","2021/05/26 00:00:00","84"
"western cape","Public Health","2022/05/13 00:00:00","3378"
"eastern cape","Private Health","2022/01/01 00:00:00","2"
"gauteng","Private Health","2021/05/18 00:00:00","1616"
"free state","Private Health","2022/09/02 00:00:00","18"
"eastern cape","Private Health","2022/09/26 00:00:00","32"
"eastern cape","Public Health","2022/04/28 00:00:00","8713"
"western cape","Private Health","2022/06/18 00:00:00","408"
"eastern cape","Private Health","2021/10/03 00:00:00","326"
"northern cape","Public Health","2021/07/09 00:00:00","3467"
"limpopo","Public Health","2021/08/28 00:00:00","6599"
"northern cape","Private Health","2022/07/22 00:00:00","14"
"north west","Public Health","2021/03/26 00:00:00","603"
"mpumalanga","Public Health","2021/10/24 00:00:00","292"
"northern cape","Private Health","2022/02/09 00:00:00","341"
"limpopo","Private Health","2022/02/23 00:00:00","1516"
"limpopo","Private Health","2022/07/17 00:00:00","12"
"mpumalanga","Public Health","2022/02/27 00:00:00","513"
"western cape","Public Health","2022/08/24 00:00:00","702"
"northern cape","Private Health","2022/11/24 00:00:00","7"
"mpumalanga","","2022/10/19 00:00:00","1"
"mpumalanga","Public Health","2021/11/23 00:00:00","5180"
"north west","Public Health","2022/04/04 00:00:00","2207"
"limpopo","Public Health","2022/05/08 00:00:00","167"
"free state","Private Health","2021/12/21 00:00:00","978"
"limpopo","Public Health","2021/10/15 00:00:00","16427"
"north west","Public Health","2021/11/15 00:00:00","6002"
"north west","Public Health","2021/09/19 00:00:00","1616"
"north west","Private Health","2021/12/03 00:00:00","2443"
"gauteng","Private Health","2021/09/09 00:00:00","33360"
"eastern cape","Public Health","2021/12/06 00:00:00","9817"
"eastern cape","Public Health","2021/12/02 00:00:00","13637"
"mpumalanga","Public Health","2022/03/12 00:00:00","1101"
"western cape","Public Health","2021/03/25 00:00:00","1805"
"western cape","Private Health","2021/08/16 00:00:00","11576"
"north west","Private Health","2021/10/22 00:00:00","3255"
"limpopo","Private Health","2022/07/22 00:00:00","212"
"western cape","Private Health","2022/03/01 00:00:00","6350"
"mpumalanga","Public Health","2021/08/22 00:00:00","642"
"eastern cape","Private Health","2021/05/24 00:00:00","180"
"western cape","Private Health","2022/04/17 00:00:00","25"
"eastern cape","Public Health","2021/12/15 00:00:00","6197"
"western cape","Public Health","2021/06/28 00:00:00","8584"
"free state","Private Health","2022/11/23 00:00:00","36"
"eastern cape","Private Health","2021/08/30 00:00:00","6052"
"free state","Public Health","2022/02/22 00:00:00","6492"
"northern cape","Public Health","2022/09/27 00:00:00","215"
"free state","Public Health","2022/11/17 00:00:00","276"
"free state","Private Health","2022/02/19 00:00:00","243"
"free state","Public Health","2021/09/28 00:00:00","9174"
"limpopo","Public Health","2021/08/09 00:00:00","75"
"limpopo","Private Health","2022/01/14 00:00:00","1879"
"northern cape","Private Health","2022/09/21 00:00:00","21"
"eastern cape","Public Health","2022/03/02 00:00:00","9699"
"free state","Public Health","2021/09/30 00:00:00","8685"
"gauteng","Private Health","2021/08/24 00:00:00","35656"
"mpumalanga","Private Health","2021/08/13 00:00:00","1901"
"eastern cape","Private Health","2022/05/24 00:00:00","624"
"western cape","Public Health","2021/05/07 00:00:00","2217"
"mpumalanga","Private Health","2022/08/17 00:00:00","53"
"eastern cape","Public Health","2021/08/07 00:00:00","1276"
"mpumalanga","Public Health","2021/05/23 00:00:00","3"
"kwazulu-natal","Private Health","2022/07/11 00:00:00","363"
"eastern cape","Public Health","2022/01/16 00:00:00","101"
"mpumalanga","Private Health","2022/12/08 00:00:00","1"
"free state","Public Health","2021/08/06 00:00:00","7682"
"mpumalanga","Public Health","2021/10/06 00:00:00","8922"
"limpopo","Public Health","2021/07/08 00:00:00","20521"
"northern cape","Public Health","2022/05/11 00:00:00","1581"
"northern cape","Private Health","2022/09/20 00:00:00","7"
"gauteng","Public Health","2021/12/14 00:00:00","22391"
"eastern cape","Private Health","2022/02/16 00:00:00","1144"
"kwazulu-natal","Public Health","2021/11/04 00:00:00","15529"
"mpumalanga","Public Health","2021/07/19 00:00:00","11512"
"kwazulu-natal","Private Health","2022/03/04 00:00:00","4204"
"northern cape","Public Health","2021/06/11 00:00:00","881"
"northern cape","Public Health","2021/12/09 00:00:00","2536"
"kwazulu-natal","Private Health","2021/02/24 00:00:00","547"
"eastern cape","Private Health","2021/10/26 00:00:00","3454"
"western cape","Public Health","2021/09/21 00:00:00","19015"
"free state","Public Health","2021/10/21 00:00:00","13116"
"limpopo","Private Health","2022/03/07 00:00:00","1610"
"mpumalanga","Public Health","2022/05/17 00:00:00","3541"
"free state","Private Health","2021/03/03 00:00:00","101"
"mpumalanga","Public Health","2022/02/16 00:00:00","3784"
"north west","Private Health","2022/06/14 00:00:00","262"
"northern cape","Public Health","2021/08/12 00:00:00","3010"
"northern cape","Private Health","2022/08/02 00:00:00","20"
"limpopo","Private Health","2022/11/19 00:00:00","12"
"free state","Private Health","2022/04/10 00:00:00","7"
"northern cape","Public Health","2022/09/05 00:00:00","114"
"northern cape","Public Health","2021/06/24 00:00:00","2067"
"kwazulu-natal","Public Health","2022/03/20 00:00:00","781"
"northern cape","Public Health","2021/04/10 00:00:00","38"
"mpumalanga","Public Health","2022/01/15 00:00:00","1211"
"mpumalanga","Private Health","2021/10/20 00:00:00","2462"
"free state","Private Health","2022/05/15 00:00:00","13"
"northern cape","Public Health","2022/01/24 00:00:00","701"
"northern cape","Public Health","2021/07/19 00:00:00","4252"
"kwazulu-natal","Public Health","2022/09/09 00:00:00","936"
"kwazulu-natal","Private Health","2022/08/24 00:00:00","111"
"limpopo","Private Health","2022/08/29 00:00:00","139"
"free state","Public Health","2021/07/31 00:00:00","1081"
"limpopo","Public Health","2022/01/15 00:00:00","294"
"limpopo","Private Health","2021/06/21 00:00:00","241"
"limpopo","Public Health","2022/03/02 00:00:00","8207"
"free state","Public Health","2022/03/27 00:00:00","1"
"limpopo","Private Health","2021/07/18 00:00:00","20"
"gauteng","Public Health","2022/08/28 00:00:00","19"
"gauteng","Public Health","2021/09/07 00:00:00","33024"
"northern cape","Private Health","2021/09/28 00:00:00","794"
"mpumalanga","Private Health","2021/10/29 00:00:00","1991"
"mpumalanga","Private Health","2022/01/19 00:00:00","1110"
"kwazulu-natal","Public Health","2021/09/07 00:00:00","12939"
"free state","Private Health","2022/09/17 00:00:00","9"
"gauteng","Public Health","2022/01/01 00:00:00","110"
"kwazulu-natal","Private Health","2021/12/19 00:00:00","387"
"limpopo","Public Health","2021/07/27 00:00:00","24859"
"north west","Public Health","2021/12/25 00:00:00","307"
"free state","Public Health","2022/02/25 00:00:00","6607"
"western cape","Private Health","2022/10/22 00:00:00","1"
"western cape","Private Health","2021/12/14 00:00:00","5401"
"north west","Public Health","2021/12/30 00:00:00","1810"
"western cape","Private Health","2021/08/21 00:00:00","4070"
"eastern cape","Public Health","2021/07/19 00:00:00","33660"
"gauteng","Public Health","2021/11/21 00:00:00","2466"
"kwazulu-natal","Private Health","2022/10/23 00:00:00","1"
"mpumalanga","Private Health","2022/07/06 00:00:00","161"
"limpopo","Private Health","2021/06/17 00:00:00","296"
"western cape","Private Health","2021/03/30 00:00:00","490"
"free state","Public Health","2021/09/11 00:00:00","1705"
"eastern cape","Private Health","2021/12/13 00:00:00","2126"
"free state","Public Health","2021/12/07 00:00:00","8535"
"free state","Private Health","2022/08/31 00:00:00","2"
"northern cape","Private Health","2022/07/05 00:00:00","42"
"north west","Public Health","2021/09/01 00:00:00","9659"
"gauteng","Public Health","2021/11/26 00:00:00","19821"
"limpopo","Public Health","2022/05/30 00:00:00","5693"
"limpopo","Private Health","2021/07/12 00:00:00","2530"
"gauteng","Private Health","2021/06/16 00:00:00","93"
"mpumalanga","Private Health","2022/12/12 00:00:00","2"
"gauteng","Private Health","2021/05/27 00:00:00","8347"
"northern cape","Public Health","2021/11/25 00:00:00","2546"
"free state","Private Health","2021/10/16 00:00:00","341"
"limpopo","Public Health","2021/02/23 00:00:00","953"
"mpumalanga","Public Health","2022/02/18 00:00:00","3525"
"gauteng","Private Health","2021/03/22 00:00:00","1"
"mpumalanga","Private Health","2021/06/15 00:00:00","271"
"limpopo","Private Health","2022/12/01 00:00:00","74"
"eastern cape","Public Health","2021/08/16 00:00:00","19946"
"northern cape","Private Health","2021/07/30 00:00:00","1057"
"western cape","Private Health","2022/01/16 00:00:00","148"
"eastern cape","Private Health","2021/07/01 00:00:00","1455"
"free state","Public Health","2021/08/14 00:00:00","291"
"western cape","Private Health","2021/11/28 00:00:00","174"
"western cape","Private Health","2021/05/20 00:00:00","318"
"mpumalanga","Private Health","2022/11/26 00:00:00","1"
"north west","Private Health","2021/10/23 00:00:00","991"
"free state","Private Health","2021/10/20 00:00:00","2674"
"western cape","Public Health","2022/01/19 00:00:00","8215"
"eastern cape","Public Health","2021/11/25 00:00:00","13560"
"western cape","Public Health","2022/03/30 00:00:00","6066"
"eastern cape","Public Health","2021/12/03 00:00:00","9175"
"free state","Public Health","2021/07/22 00:00:00","11748"
"western cape","Public Health","2022/04/29 00:00:00","4039"
"kwazulu-natal","Private Health","2022/01/25 00:00:00","3020"
"gauteng","Public Health","2021/06/10 00:00:00","11091"
"kwazulu-natal","Public Health","2022/07/13 00:00:00","2348"
"kwazulu-natal","Public Health","2021/04/20 00:00:00","1"
"mpumalanga","Public Health","2021/09/20 00:00:00","9937"
"gauteng","Private Health","2022/11/11 00:00:00","197"
"gauteng","Public Health","2021/09/21 00:00:00","26271"
"gauteng","Private Health","2022/09/26 00:00:00","180"
"gauteng","Public Health","2021/04/21 00:00:00","4"
"eastern cape","Private Health","2022/02/10 00:00:00","1149"
"gauteng","Private Health","2021/03/15 00:00:00","1"
"gauteng","Public Health","2022/04/25 00:00:00","8009"
"northern cape","Private Health","2021/08/15 00:00:00","5"
"western cape","Private Health","2021/11/17 00:00:00","6681"
"western cape","Private Health","2022/09/28 00:00:00","60"
"western cape","Public Health","2022/06/07 00:00:00","2371"
"north west","Private Health","2022/01/22 00:00:00","358"
"kwazulu-natal","Private Health","2022/01/10 00:00:00","4774"
"eastern cape","Private Health","2021/03/08 00:00:00","180"
"eastern cape","Private Health","2022/09/21 00:00:00","33"
"free state","Private Health","2021/10/06 00:00:00","3456"
"gauteng","Private Health","2021/09/19 00:00:00","3230"
"northern cape","Private Health","2021/09/29 00:00:00","880"
"free state","Public Health","2022/07/01 00:00:00","884"
"eastern cape","Public Health","2021/09/15 00:00:00","24071"
"limpopo","Private Health","2022/04/04 00:00:00","1312"
"limpopo","Public Health","2021/06/02 00:00:00","6677"
"north west","Private Health","2021/12/29 00:00:00","736"
"mpumalanga","Public Health","2022/07/19 00:00:00","1680"
"gauteng","Private Health","2021/04/08 00:00:00","200"
"eastern cape","Public Health","2022/09/21 00:00:00","569"
"north west","Public Health","2021/12/14 00:00:00","5469"
"north west","Private Health","2022/01/04 00:00:00","1017"
"free state","Private Health","2022/11/10 00:00:00","1"
"gauteng","Private Health","2022/12/02 00:00:00","203"
"northern cape","Public Health","2021/11/16 00:00:00","3085"
"kwazulu-natal","Private Health","2021/04/08 00:00:00","965"
"north west","Private Health","2022/03/09 00:00:00","1146"
"western cape","Public Health","2022/02/23 00:00:00","7214"
"free state","Public Health","2022/09/17 00:00:00","4"
"free state","Private Health","2021/05/27 00:00:00","83"
"northern cape","Public Health","2021/11/29 00:00:00","2118"
"western cape","Public Health","2022/12/08 00:00:00","546"
"gauteng","Public Health","2021/09/02 00:00:00","38461"
"gauteng","Private Health","2022/11/05 00:00:00","122"
"eastern cape","Public Health","2021/03/19 00:00:00","1058"
"mpumalanga","Public Health","2021/06/27 00:00:00","5"
"free state","Private Health","2022/03/07 00:00:00","1207"
"western cape","Private Health","2021/08/30 00:00:00","15988"
"north west","Public Health","2022/09/01 00:00:00","202"
"mpumalanga","Private Health","2022/03/16 00:00:00","670"
"kwazulu-natal","Private Health","2021/04/07 00:00:00","608"
"limpopo","Private Health","2022/07/06 00:00:00","229"
"north west","Private Health","2022/03/28 00:00:00","1124"
"gauteng","Public Health","2022/08/06 00:00:00","260"
"eastern cape","Private Health","2022/11/29 00:00:00","3"
"gauteng","Public Health","2021/11/19 00:00:00","21750"
"limpopo","Private Health","2021/12/31 00:00:00","766"
"western cape","Public Health","2021/09/09 00:00:00","28398"
"kwazulu-natal","Public Health","2022/01/08 00:00:00","2386"
"gauteng","Public Health","2022/10/30 00:00:00","38"
"mpumalanga","Public Health","2022/04/07 00:00:00","5562"
"mpumalanga","Public Health","2021/06/22 00:00:00","4132"
"eastern cape","Private Health","2022/03/01 00:00:00","2024"
"western cape","Private Health","2022/01/25 00:00:00","4825"
"western cape","Private Health","2021/03/20 00:00:00","1"
"kwazulu-natal","Public Health","2021/07/25 00:00:00","9503"
"western cape","Private Health","2022/03/11 00:00:00","5180"
"limpopo","Private Health","2022/06/04 00:00:00","201"
"north west","Public Health","2021/05/29 00:00:00","312"
"north west","Private Health","2022/08/11 00:00:00","83"
"mpumalanga","Public Health","2022/05/07 00:00:00","429"
"kwazulu-natal","Public Health","2022/06/08 00:00:00","7636"
"kwazulu-natal","Private Health","2022/06/08 00:00:00","684"
"gauteng","Public Health","2021/03/18 00:00:00","2017"
"free state","Public Health","2022/10/05 00:00:00","354"
"mpumalanga","Private Health","2021/09/05 00:00:00","52"
"eastern cape","Private Health","2021/07/23 00:00:00","4492"
"mpumalanga","Private Health","2022/05/06 00:00:00","433"
"western cape","Public Health","2022/06/28 00:00:00","1160"
"gauteng","Public Health","2022/06/20 00:00:00","4752"
"kwazulu-natal","Public Health","2022/08/26 00:00:00","1079"
"northern cape","Private Health","2021/05/22 00:00:00","1"
"kwazulu-natal","Public Health","2022/04/13 00:00:00","6774"
"northern cape","Private Health","2021/09/08 00:00:00","948"
"gauteng","Public Health","2021/12/13 00:00:00","16776"
"limpopo","Private Health","2022/07/10 00:00:00","28"
"kwazulu-natal","Private Health","2021/03/04 00:00:00","650"
"northern cape","Public Health","2021/03/25 00:00:00","58"
"eastern cape","Private Health","2021/08/25 00:00:00","6006"
"gauteng","Private Health","2022/04/17 00:00:00","159"
"free state","Public Health","2021/03/18 00:00:00","411"
"limpopo","Public Health","2021/04/29 00:00:00","527"
"kwazulu-natal","Private Health","2022/01/11 00:00:00","4181"
"mpumalanga","Public Health","2022/01/17 00:00:00","3077"
"western cape","Public Health","2021/07/23 00:00:00","26681"
"kwazulu-natal","Private Health","2021/05/27 00:00:00","983"
"eastern cape","Public Health","2021/12/18 00:00:00","268"
"northern cape","Private Health","2021/08/08 00:00:00","2"
"western cape","Private Health","2022/09/05 00:00:00","126"
"free state","Private Health","2021/12/19 00:00:00","24"
"free state","Public Health","2022/07/02 00:00:00","18"
"north west","Public Health","2021/07/21 00:00:00","10990"
"mpumalanga","Private Health","2022/09/27 00:00:00","16"
"limpopo","Public Health","2021/11/03 00:00:00","13621"
"north west","Public Health","2021/08/18 00:00:00","6785"
"eastern cape","Public Health","2022/02/03 00:00:00","5922"
"mpumalanga","Private Health","2021/07/04 00:00:00","33"
"mpumalanga","Private Health","2021/11/27 00:00:00","334"
"gauteng","Private Health","2022/07/21 00:00:00","841"
"north west","Private Health","2022/04/08 00:00:00","1022"
"north west","Public Health","2022/09/03 00:00:00","81"
"eastern cape","Private Health","2022/05/22 00:00:00","12"
"gauteng","Private Health","2021/07/28 00:00:00","23564"
"north west","Private Health","2021/11/03 00:00:00","2669"
"limpopo","Public Health","2022/11/19 00:00:00","2"
"mpumalanga","Private Health","2021/08/12 00:00:00","2261"
"mpumalanga","Private Health","2022/05/27 00:00:00","330"
"limpopo","Private Health","2021/07/21 00:00:00","3046"
"north west","Private Health","2022/07/26 00:00:00","80"
"northern cape","Private Health","2021/11/25 00:00:00","616"
"mpumalanga","Public Health","2021/08/19 00:00:00","8054"
"western cape","Public Health","2022/09/16 00:00:00","589"
"northern cape","Private Health","2022/07/31 00:00:00","4"
"northern cape","Private Health","2022/01/24 00:00:00","434"
"north west","Private Health","2022/07/22 00:00:00","86"
"limpopo","Public Health","2021/10/30 00:00:00","72"
"mpumalanga","Public Health","2021/06/07 00:00:00","4162"
"limpopo","Public Health","2021/12/18 00:00:00","136"
"kwazulu-natal","Public Health","2022/07/22 00:00:00","2375"
"mpumalanga","Public Health","2021/11/30 00:00:00","8643"
"limpopo","Public Health","2022/06/25 00:00:00","107"
"eastern cape","Public Health","2022/07/30 00:00:00","52"
"limpopo","Private Health","2022/05/16 00:00:00","704"
"northern cape","Public Health","2022/01/01 00:00:00","50"
"western cape","Private Health","2022/01/24 00:00:00","5268"
"limpopo","Private Health","2021/12/16 00:00:00","301"
"mpumalanga","Public Health","2021/05/24 00:00:00","2455"
"north west","Private Health","2021/11/21 00:00:00","8"
"western cape","Public Health","2022/05/31 00:00:00","2295"
"western cape","Public Health","2022/01/09 00:00:00","12"
"limpopo","Public Health","2022/01/02 00:00:00","11"
"gauteng","Public Health","2022/04/18 00:00:00","834"
"free state","Public Health","2021/02/22 00:00:00","722"
"mpumalanga","Public Health","2021/08/23 00:00:00","11154"
"mpumalanga","Private Health","2022/08/23 00:00:00","26"
"limpopo","Private Health","2021/08/15 00:00:00","11"
"free state","Public Health","2022/10/12 00:00:00","455"
"eastern cape","Public Health","2021/06/02 00:00:00","1668"
"northern cape","Private Health","2021/09/21 00:00:00","960"
"north west","Public Health","2021/09/09 00:00:00","9711"
"northern cape","Private Health","2022/03/04 00:00:00","585"
"free state","Public Health","2021/11/03 00:00:00","10354"
"free state","Public Health","2021/12/17 00:00:00","2650"
"kwazulu-natal","Public Health","2022/09/29 00:00:00","909"
"western cape","Public Health","2022/05/04 00:00:00","3396"
"northern cape","Public Health","2021/06/21 00:00:00","1190"
"north west","Public Health","2021/07/04 00:00:00","162"
"western cape","Private Health","2022/12/09 00:00:00","27"
"northern cape","Private Health","2022/07/23 00:00:00","8"
"western cape","Public Health","2022/10/08 00:00:00","70"
"gauteng","Public Health","2022/01/02 00:00:00","167"
"free state","Private Health","2022/09/28 00:00:00","83"
"kwazulu-natal","Public Health","2022/06/28 00:00:00","3188"
"north west","Private Health","2022/06/12 00:00:00","0"
"mpumalanga","Private Health","2021/06/30 00:00:00","396"
"kwazulu-natal","Public Health","2022/06/05 00:00:00","568"
"northern cape","Private Health","2022/10/28 00:00:00","9"
"kwazulu-natal","Public Health","2021/11/05 00:00:00","12819"
"western cape","Public Health","2021/12/03 00:00:00","15189"
"free state","Public Health","2022/05/24 00:00:00","3256"
"kwazulu-natal","Private Health","2021/12/01 00:00:00","4865"
"western cape","Public Health","2021/12/23 00:00:00","3428"
"kwazulu-natal","Private Health","2021/12/12 00:00:00","581"
"kwazulu-natal","Public Health","2022/05/13 00:00:00","7372"
"northern cape","Private Health","2022/05/30 00:00:00","133"
"kwazulu-natal","Private Health","2022/09/10 00:00:00","56"
"eastern cape","Private Health","2021/05/28 00:00:00","504"
"northern cape","Private Health","2021/03/04 00:00:00","7"
"limpopo","Public Health","2022/07/20 00:00:00","1462"
"gauteng","Public Health","2021/05/27 00:00:00","15873"
"kwazulu-natal","Private Health","2021/08/02 00:00:00","8216"
"kwazulu-natal","Public Health","2021/11/19 00:00:00","13213"
"gauteng","Private Health","2022/01/02 00:00:00","214"
"kwazulu-natal","Private Health","2022/05/02 00:00:00","336"
"western cape","Public Health","2022/07/16 00:00:00","9"
"free state","Public Health","2022/07/06 00:00:00","966"
"free state","Private Health","2022/01/31 00:00:00","941"
"western cape","Public Health","2022/03/22 00:00:00","6277"
"eastern cape","Public Health","2021/12/20 00:00:00","3146"
"gauteng","Public Health","2021/11/13 00:00:00","13465"
"mpumalanga","Public Health","2021/06/30 00:00:00","4393"
"western cape","Private Health","2022/02/15 00:00:00","3998"
"northern cape","Private Health","2022/09/26 00:00:00","4"
"north west","Private Health","2022/12/03 00:00:00","8"
"north west","Private Health","2022/05/10 00:00:00","774"
"kwazulu-natal","Private Health","2021/09/18 00:00:00","3466"
"mpumalanga","Private Health","2021/12/19 00:00:00","28"
"gauteng","Private Health","2022/09/16 00:00:00","306"
"mpumalanga","Public Health","2021/09/19 00:00:00","68"
"free state","Public Health","2021/05/04 00:00:00","331"
"western cape","Public Health","2021/07/24 00:00:00","2751"
"eastern cape","Private Health","2022/12/02 00:00:00","5"
"western cape","Public Health","2022/04/12 00:00:00","3419"
"north west","Public Health","2022/04/03 00:00:00","591"
"mpumalanga","Public Health","2022/07/22 00:00:00","1173"
"eastern cape","Public Health","2021/09/22 00:00:00","20697"
"northern cape","Private Health","2022/11/16 00:00:00","2"
"gauteng","Private Health","2021/10/28 00:00:00","23057"
"north west","Private Health","2022/01/24 00:00:00","1178"
"gauteng","Public Health","2021/07/15 00:00:00","27994"
"gauteng","Private Health","2021/09/14 00:00:00","33421"
"kwazulu-natal","Private Health","2022/06/23 00:00:00","483"
"gauteng","Public Health","2021/08/06 00:00:00","25922"
"mpumalanga","Private Health","2022/07/13 00:00:00","300"
"kwazulu-natal","Public Health","2021/08/11 00:00:00","20647"
"free state","Public Health","2022/11/29 00:00:00","365"
"western cape","Public Health","2022/01/23 00:00:00","101"
"north west","Public Health","2021/08/25 00:00:00","9766"
"eastern cape","Public Health","2021/03/31 00:00:00","1393"
"free state","Private Health","2022/04/20 00:00:00","712"
"mpumalanga","Public Health","2022/02/08 00:00:00","3389"
"mpumalanga","Public Health","2021/10/21 00:00:00","12027"
"limpopo","Public Health","2021/10/13 00:00:00","24173"
"north west","Public Health","2022/05/12 00:00:00","2920"
"free state","Private Health","2022/08/18 00:00:00","14"
"free state","Public Health","2022/07/14 00:00:00","1101"
"mpumalanga","Private Health","2021/11/13 00:00:00","577"
"mpumalanga","Public Health","2021/10/09 00:00:00","2704"
"eastern cape","Public Health","2021/05/28 00:00:00","4381"
"eastern cape","Public Health","2022/08/30 00:00:00","1804"
"limpopo","Private Health","2021/05/31 00:00:00","658"
"kwazulu-natal","Private Health","2022/01/26 00:00:00","3069"
"gauteng","Public Health","2021/02/22 00:00:00","1594"
"limpopo","Public Health","2021/12/30 00:00:00","4322"
"free state","Public Health","2021/05/12 00:00:00","1081"
"mpumalanga","Private Health","2021/06/18 00:00:00","268"
"kwazulu-natal","Public Health","2022/10/06 00:00:00","781"
"kwazulu-natal","Public Health","2022/05/03 00:00:00","6858"
"mpumalanga","Private Health","2021/12/23 00:00:00","779"
"kwazulu-natal","Private Health","2022/06/29 00:00:00","424"
"western cape","Private Health","2022/01/19 00:00:00","4829"
"mpumalanga","Public Health","2021/12/21 00:00:00","3537"
"mpumalanga","Public Health","2022/01/12 00:00:00","3324"
"kwazulu-natal","Private Health","2022/02/15 00:00:00","1951"
"northern cape","Public Health","2021/06/04 00:00:00","353"
"northern cape","Private Health","2021/05/27 00:00:00","30"
"gauteng","Public Health","2022/03/13 00:00:00","1180"
"north west","Private Health","2022/03/15 00:00:00","1183"
"western cape","Public Health","2021/09/11 00:00:00","4700"
"eastern cape","Private Health","2022/09/25 00:00:00","1"
"limpopo","Private Health","2022/08/14 00:00:00","5"
"free state","Private Health","2021/10/29 00:00:00","3257"
"mpumalanga","Private Health","2022/06/04 00:00:00","73"
"free state","Private Health","2021/12/01 00:00:00","2523"
"gauteng","Private Health","2022/04/19 00:00:00","5375"
"northern cape","Public Health","2022/08/08 00:00:00","55"
"eastern cape","Public Health","2021/08/23 00:00:00","31179"
"kwazulu-natal","Public Health","2022/10/12 00:00:00","791"
"western cape","Private Health","2022/04/18 00:00:00","98"
"kwazulu-natal","Public Health","2021/05/03 00:00:00","888"
"western cape","Public Health","2021/11/10 00:00:00","14157"
"northern cape","Private Health","2022/02/02 00:00:00","337"
"north west","Public Health","2022/05/07 00:00:00","950"
"kwazulu-natal","Public Health","2021/09/17 00:00:00","20738"
"north west","Private Health","2022/06/02 00:00:00","282"
"free state","Public Health","2021/07/13 00:00:00","8849"
"north west","Public Health","2022/02/11 00:00:00","3642"
"northern cape","Public Health","2022/08/16 00:00:00","198"
"gauteng","Private Health","2022/06/14 00:00:00","2149"
"gauteng","Public Health","2021/05/08 00:00:00","1"
"western cape","Private Health","2021/09/05 00:00:00","689"
"north west","Private Health","2022/06/09 00:00:00","310"
"gauteng","Public Health","2021/11/02 00:00:00","31698"
"mpumalanga","Public Health","2022/02/13 00:00:00","212"
"gauteng","Public Health","2021/05/20 00:00:00","8593"
"limpopo","Private Health","2022/10/29 00:00:00","6"
"western cape","Private Health","2022/10/24 00:00:00","11"
"limpopo","Public Health","2021/10/26 00:00:00","18198"
"kwazulu-natal","Public Health","2022/04/23 00:00:00","1099"
"gauteng","Public Health","2022/03/03 00:00:00","21050"
"gauteng","Public Health","2022/05/04 00:00:00","8838"
"kwazulu-natal","Public Health","2022/02/16 00:00:00","11778"
"mpumalanga","Public Health","2021/06/13 00:00:00","17"
"kwazulu-natal","Public Health","2022/07/30 00:00:00","260"
"free state","Public Health","2022/10/25 00:00:00","409"
"western cape","Private Health","2021/05/07 00:00:00","939"
"northern cape","Public Health","2021/10/06 00:00:00","3636"
"northern cape","Public Health","2021/12/24 00:00:00","53"
"free state","Public Health","2021/06/22 00:00:00","4073"
"limpopo","Public Health","2021/03/05 00:00:00","432"
"eastern cape","Private Health","2022/06/08 00:00:00","434"
"limpopo","Private Health","2022/07/20 00:00:00","251"
"gauteng","Private Health","2022/04/15 00:00:00","353"
"mpumalanga","Public Health","2022/05/04 00:00:00","4089"
"north west","Private Health","2022/09/22 00:00:00","31"
"free state","Public Health","2021/10/16 00:00:00","1990"
"eastern cape","Public Health","2021/11/13 00:00:00","6489"
"north west","Public Health","2022/03/15 00:00:00","4774"
"northern cape","Private Health","2021/03/02 00:00:00","18"
"gauteng","Public Health","2021/08/21 00:00:00","10427"
"eastern cape","Public Health","2022/04/12 00:00:00","6069"
"free state","Private Health","2021/05/17 00:00:00","6"
"western cape","Public Health","2021/10/05 00:00:00","23342"
"free state","Private Health","2022/09/26 00:00:00","77"
"gauteng","Public Health","2022/03/28 00:00:00","12646"
"western cape","Private Health","2022/04/15 00:00:00","27"
"kwazulu-natal","Private Health","2021/08/19 00:00:00","8351"
"north west","Private Health","2021/05/24 00:00:00","21"
"western cape","Public Health","2022/11/22 00:00:00","338"
"mpumalanga","Private Health","2022/09/22 00:00:00","4"
"free state","Private Health","2022/03/02 00:00:00","1095"
"limpopo","Private Health","2021/10/14 00:00:00","4264"
"north west","Public Health","2021/11/23 00:00:00","5755"
"eastern cape","Private Health","2022/04/25 00:00:00","809"
"free state","Private Health","2022/08/26 00:00:00","6"
"eastern cape","Public Health","2022/01/21 00:00:00","3971"
"mpumalanga","Private Health","2022/03/09 00:00:00","784"
"limpopo","Public Health","2021/09/22 00:00:00","15436"
"kwazulu-natal","Private Health","2022/10/19 00:00:00","27"
"eastern cape","Public Health","2021/07/25 00:00:00","1022"
"north west","Private Health","2021/12/07 00:00:00","2185"
"gauteng","Public Health","2022/04/21 00:00:00","8181"
"northern cape","Private Health","2022/09/09 00:00:00","2"
"northern cape","Public Health","2022/07/08 00:00:00","589"
"western cape","Public Health","2022/11/17 00:00:00","632"
"kwazulu-natal","Private Health","2021/08/07 00:00:00","2548"
"northern cape","Public Health","2022/02/18 00:00:00","801"
"limpopo","Private Health","2021/09/08 00:00:00","5151"
"eastern cape","Public Health","2021/07/10 00:00:00","63"
"gauteng","Public Health","2022/09/12 00:00:00","1131"
"mpumalanga","Public Health","2021/10/26 00:00:00","10435"
"western cape","Public Health","2022/10/09 00:00:00","1"
"north west","Public Health","2022/10/11 00:00:00","345"
"western cape","Public Health","2021/08/06 00:00:00","21778"
"kwazulu-natal","Public Health","2022/05/06 00:00:00","7645"
"eastern cape","Private Health","2021/07/28 00:00:00","4326"
"gauteng","Private Health","2022/04/01 00:00:00","11587"
"limpopo","Private Health","2022/09/21 00:00:00","90"
"free state","Private Health","2021/06/29 00:00:00","393"
"eastern cape","Public Health","2021/12/26 00:00:00","19"
"limpopo","Private Health","2022/05/08 00:00:00","60"
"north west","Private Health","2021/08/18 00:00:00","4534"
"gauteng","Public Health","2021/05/29 00:00:00","879"
"gauteng","Public Health","2021/08/12 00:00:00","25810"
"limpopo","Private Health","2022/07/27 00:00:00","220"
"limpopo","Private Health","2022/06/03 00:00:00","493"
"mpumalanga","Public Health","2021/05/20 00:00:00","823"
"limpopo","Private Health","2022/04/29 00:00:00","1136"
"kwazulu-natal","Private Health","2021/08/23 00:00:00","10392"
"kwazulu-natal","Public Health","2022/12/01 00:00:00","583"
"eastern cape","Private Health","2022/11/05 00:00:00","9"
"eastern cape","Public Health","2021/10/09 00:00:00","2886"
"gauteng","Public Health","2021/07/19 00:00:00","37529"
"mpumalanga","Private Health","2022/02/08 00:00:00","663"
"eastern cape","Private Health","2021/09/21 00:00:00","3482"
"limpopo","Public Health","2022/05/25 00:00:00","6682"
"western cape","Public Health","2021/11/02 00:00:00","18262"
"kwazulu-natal","Private Health","2021/07/21 00:00:00","5498"
"mpumalanga","Private Health","2022/10/31 00:00:00","1"
"eastern cape","Public Health","2022/01/24 00:00:00","5318"
"free state","Public Health","2022/05/28 00:00:00","89"
"limpopo","Private Health","2021/12/09 00:00:00","2367"
"limpopo","Public Health","2021/02/26 00:00:00","1043"
"kwazulu-natal","Private Health","2022/11/14 00:00:00","23"
"northern cape","Private Health","2022/07/09 00:00:00","17"
"northern cape","Public Health","2022/04/21 00:00:00","793"
"kwazulu-natal","Public Health","2021/06/14 00:00:00","11804"
"free state","Private Health","2022/02/27 00:00:00","7"
"limpopo","Private Health","2022/05/19 00:00:00","953"
"free state","Private Health","2022/10/26 00:00:00","184"
"western cape","Public Health","2022/04/20 00:00:00","3425"
"kwazulu-natal","Public Health","2021/10/19 00:00:00","18756"
"eastern cape","Private Health","2021/06/06 00:00:00","2"
"mpumalanga","Public Health","2022/08/14 00:00:00","41"
"northern cape","Private Health","2022/09/22 00:00:00","13"
"kwazulu-natal","Private Health","2021/11/30 00:00:00","5553"
"north west","Public Health","2022/02/13 00:00:00","817"
"gauteng","Private Health","2022/08/14 00:00:00","19"
"eastern cape","Private Health","2021/12/22 00:00:00","1013"
"eastern cape","Public Health","2021/04/29 00:00:00","511"
"free state","Public Health","2022/08/22 00:00:00","553"
"north west","Public Health","2022/07/25 00:00:00","409"
"northern cape","Private Health","2022/01/21 00:00:00","472"
"mpumalanga","Private Health","2022/03/02 00:00:00","833"
"gauteng","Private Health","2021/10/29 00:00:00","29204"
"northern cape","Private Health","2021/11/11 00:00:00","829"
"north west","Private Health","2021/10/28 00:00:00","3160"
"kwazulu-natal","Public Health","2021/10/07 00:00:00","18579"
"north west","Public Health","2022/02/06 00:00:00","868"
"kwazulu-natal","Private Health","2021/10/20 00:00:00","5077"
"northern cape","Private Health","2022/07/16 00:00:00","5"
"northern cape","Private Health","2021/07/11 00:00:00","14"
"mpumalanga","Public Health","2022/05/14 00:00:00","214"
"western cape","Public Health","2022/03/02 00:00:00","9559"
"mpumalanga","Private Health","2022/04/21 00:00:00","391"
"kwazulu-natal","Public Health","2022/02/12 00:00:00","1985"
"limpopo","Private Health","2022/06/22 00:00:00","327"
"northern cape","Private Health","2021/07/25 00:00:00","29"
"limpopo","Private Health","2022/03/01 00:00:00","1871"
"western cape","Public Health","2022/10/06 00:00:00","410"
"kwazulu-natal","Public Health","2021/08/21 00:00:00","6936"
"limpopo","Private Health","2021/05/18 00:00:00","42"
"northern cape","Private Health","2021/06/15 00:00:00","139"
"gauteng","Public Health","2021/11/08 00:00:00","17581"
"kwazulu-natal","Public Health","2022/09/24 00:00:00","69"
"limpopo","Private Health","2022/10/03 00:00:00","70"
"kwazulu-natal","Private Health","2022/03/24 00:00:00","2504"
"limpopo","Public Health","2022/06/08 00:00:00","6005"
"eastern cape","Private Health","2021/03/25 00:00:00","353"
"gauteng","Public Health","2021/04/08 00:00:00","1310"
"northern cape","Private Health","2022/11/10 00:00:00","7"
"northern cape","Public Health","2022/03/30 00:00:00","1007"
"free state","Public Health","2022/01/04 00:00:00","3357"
"eastern cape","Private Health","2021/11/17 00:00:00","2973"
"gauteng","Public Health","2021/02/17 00:00:00","127"
"northern cape","Private Health","2021/11/12 00:00:00","1113"
"limpopo","Private Health","2022/12/09 00:00:00","67"
"kwazulu-natal","Public Health","2021/09/09 00:00:00","21167"
"kwazulu-natal","Private Health","2021/08/05 00:00:00","7634"
"free state","Public Health","2022/11/04 00:00:00","195"
"free state","Private Health","2022/03/11 00:00:00","983"
"free state","Private Health","2022/04/21 00:00:00","667"
"kwazulu-natal","Private Health","2022/02/09 00:00:00","2240"
"eastern cape","Private Health","2021/09/08 00:00:00","5042"
"limpopo","Private Health","2021/03/11 00:00:00","2"
"kwazulu-natal","Public Health","2021/03/31 00:00:00","1239"
"limpopo","Public Health","2021/09/14 00:00:00","19715"
"northern cape","Private Health","2022/10/24 00:00:00","4"
"northern cape","Public Health","2021/05/03 00:00:00","40"
"limpopo","Public Health","2021/12/02 00:00:00","15875"
"mpumalanga","Public Health","2021/07/08 00:00:00","7145"
"kwazulu-natal","Public Health","2021/08/27 00:00:00","22900"
"kwazulu-natal","Private Health","2022/08/08 00:00:00","190"
"free state","Private Health","2021/12/26 00:00:00","1"
"gauteng","Public Health","2022/07/24 00:00:00","66"
"gauteng","Private Health","2021/10/17 00:00:00","3468"
"kwazulu-natal","Private Health","2022/09/24 00:00:00","1"
"eastern cape","Public Health","2022/10/11 00:00:00","1442"
"free state","Public Health","2021/07/12 00:00:00","8361"
"north west","Public Health","2021/09/04 00:00:00","3798"
"eastern cape","Private Health","2021/03/03 00:00:00","128"
"north west","Private Health","2021/06/24 00:00:00","215"
"mpumalanga","Public Health","2022/11/26 00:00:00","3"
"north west","Public Health","2022/06/26 00:00:00","274"
"limpopo","Public Health","2022/10/11 00:00:00","1204"
"northern cape","Private Health","2022/05/13 00:00:00","205"
"eastern cape","Public Health","2021/11/20 00:00:00","1595"
"kwazulu-natal","Private Health","2022/10/06 00:00:00","29"
"kwazulu-natal","Private Health","2021/06/02 00:00:00","1053"
"kwazulu-natal","Private Health","2021/03/24 00:00:00","898"
"limpopo","Public Health","2022/09/09 00:00:00","621"
"north west","Private Health","2022/06/27 00:00:00","164"
"kwazulu-natal","Private Health","2022/03/26 00:00:00","1821"
"kwazulu-natal","Private Health","2021/11/08 00:00:00","3547"
"mpumalanga","Private Health","2022/06/02 00:00:00","216"
"eastern cape","Private Health","2021/04/30 00:00:00","121"
"western cape","Public Health","2022/07/29 00:00:00","709"
"north west","Public Health","2022/06/01 00:00:00","1889"
"north west","Public Health","2022/02/10 00:00:00","4223"
"gauteng","Private Health","2021/05/26 00:00:00","7212"
"gauteng","Private Health","2022/08/29 00:00:00","701"
"mpumalanga","Public Health","2022/01/27 00:00:00","3476"
"western cape","Public Health","2021/02/19 00:00:00","560"
"kwazulu-natal","Private Health","2021/09/22 00:00:00","7383"
"western cape","Public Health","2022/10/25 00:00:00","628"
"eastern cape","Private Health","2021/02/23 00:00:00","119"
"mpumalanga","Private Health","2022/02/14 00:00:00","628"
"kwazulu-natal","Private Health","2021/12/17 00:00:00","3316"
"kwazulu-natal","Public Health","2021/10/16 00:00:00","7357"
"eastern cape","Public Health","2021/08/06 00:00:00","13818"
"western cape","Private Health","2021/05/01 00:00:00","159"
"northern cape","Private Health","2021/07/28 00:00:00","559"
"western cape","Public Health","2022/08/19 00:00:00","975"
"eastern cape","Public Health","2021/06/11 00:00:00","7462"
"kwazulu-natal","Public Health","2021/07/18 00:00:00","5321"
"limpopo","Public Health","2021/03/01 00:00:00","41"
"kwazulu-natal","Private Health","2022/02/28 00:00:00","3353"
"free state","Public Health","2022/03/01 00:00:00","6926"
"limpopo","Private Health","2021/12/01 00:00:00","2988"
"kwazulu-natal","Public Health","2021/03/08 00:00:00","1527"
"kwazulu-natal","Private Health","2021/11/18 00:00:00","4566"
"eastern cape","Public Health","2022/05/10 00:00:00","9475"
"limpopo","Private Health","2022/09/01 00:00:00","194"
"western cape","Public Health","2022/07/19 00:00:00","857"
"northern cape","Public Health","2021/04/07 00:00:00","1"
"north west","Private Health","2022/05/13 00:00:00","1082"
"eastern cape","Public Health","2021/06/06 00:00:00","3"
"north west","Public Health","2021/08/21 00:00:00","5062"
"north west","Public Health","2021/07/31 00:00:00","2875"
"limpopo","Public Health","2022/05/23 00:00:00","5398"
"north west","Private Health","2022/08/12 00:00:00","62"
"north west","Private Health","2021/05/19 00:00:00","1"
"mpumalanga","Private Health","2022/04/08 00:00:00","621"
"northern cape","Public Health","2021/11/23 00:00:00","2118"
"northern cape","Public Health","2022/09/17 00:00:00","2"
"western cape","Private Health","2021/03/24 00:00:00","728"
"eastern cape","Public Health","2021/03/17 00:00:00","781"
"gauteng","Public Health","2022/09/03 00:00:00","190"
"northern cape","Public Health","2022/07/02 00:00:00","379"
"mpumalanga","Public Health","2022/08/05 00:00:00","731"
"eastern cape","Private Health","2021/12/21 00:00:00","1215"
"kwazulu-natal","Private Health","2021/09/24 00:00:00","1329"
"north west","Private Health","2022/11/29 00:00:00","21"
"north west","Public Health","2021/11/30 00:00:00","9257"
"free state","Public Health","2021/09/13 00:00:00","9713"
"north west","Public Health","2021/06/29 00:00:00","5845"
"mpumalanga","Private Health","2021/04/01 00:00:00","113"
"north west","Public Health","2022/07/07 00:00:00","736"
"northern cape","Private Health","2022/05/18 00:00:00","141"
"free state","Private Health","2021/09/26 00:00:00","18"
"gauteng","Private Health","2022/02/16 00:00:00","8182"
"gauteng","Private Health","2021/08/22 00:00:00","6870"
"free state","Public Health","2021/07/26 00:00:00","10644"
"kwazulu-natal","Private Health","2021/09/10 00:00:00","10182"
"kwazulu-natal","Public Health","2021/11/16 00:00:00","13700"
"eastern cape","Public Health","2021/02/25 00:00:00","859"
"kwazulu-natal","Public Health","2021/11/23 00:00:00","12615"
"north west","Public Health","2021/03/02 00:00:00","78"
"limpopo","Public Health","2022/01/22 00:00:00","625"
"western cape","Private Health","2022/10/05 00:00:00","34"
"mpumalanga","Public Health","2022/04/26 00:00:00","4915"
"kwazulu-natal","Public Health","2022/02/09 00:00:00","10267"
"eastern cape","Private Health","2021/06/25 00:00:00","1168"
"western cape","Public Health","2021/09/02 00:00:00","31110"
"eastern cape","Private Health","2022/01/13 00:00:00","2106"
"gauteng","Public Health","2022/05/10 00:00:00","8572"
"kwazulu-natal","Private Health","2022/12/01 00:00:00","31"
"eastern cape","Public Health","2021/02/17 00:00:00","5"
"northern cape","Private Health","2021/03/06 00:00:00","16"
"north west","Private Health","2021/06/21 00:00:00","289"
"north west","Public Health","2022/12/11 00:00:00","78"
"north west","Public Health","2022/11/15 00:00:00","594"
"mpumalanga","Private Health","2022/10/27 00:00:00","2"
"northern cape","Private Health","2022/09/28 00:00:00","18"
"northern cape","Public Health","2021/08/09 00:00:00","1258"
"mpumalanga","Public Health","2022/03/14 00:00:00","5577"
"eastern cape","Private Health","2021/08/31 00:00:00","5760"
"north west","Private Health","2022/10/23 00:00:00","3"
"limpopo","Private Health","2021/09/17 00:00:00","5167"
"north west","Private Health","2022/02/21 00:00:00","812"
"mpumalanga","Public Health","2022/10/10 00:00:00","357"
"north west","Public Health","2022/11/10 00:00:00","505"
"northern cape","Private Health","2022/04/02 00:00:00","71"
"eastern cape","Public Health","2021/04/12 00:00:00","761"
"western cape","Private Health","2022/05/20 00:00:00","2025"
"free state","Public Health","2022/10/11 00:00:00","346"
"gauteng","Public Health","2022/02/17 00:00:00","14839"
"kwazulu-natal","Public Health","2022/09/14 00:00:00","1226"
"northern cape","Public Health","2021/05/04 00:00:00","176"
"gauteng","Public Health","2021/09/03 00:00:00","36628"
"northern cape","Public Health","2021/06/26 00:00:00","120"
"kwazulu-natal","Public Health","2022/05/27 00:00:00","7728"
"limpopo","Private Health","2022/07/15 00:00:00","144"
"gauteng","Public Health","2022/07/28 00:00:00","1527"
"western cape","Private Health","2022/09/29 00:00:00","50"
"northern cape","Private Health","2022/01/25 00:00:00","398"
"north west","Public Health","2022/02/07 00:00:00","2948"
"north west","Public Health","2021/08/22 00:00:00","1485"
"gauteng","Public Health","2021/10/14 00:00:00","33150"
"western cape","Public Health","2022/05/17 00:00:00","3225"
"limpopo","Private Health","2022/08/05 00:00:00","223"
"eastern cape","Private Health","2022/04/23 00:00:00","308"
"northern cape","Public Health","2022/09/07 00:00:00","106"
"kwazulu-natal","Public Health","2021/05/05 00:00:00","2056"
"gauteng","Private Health","2022/05/29 00:00:00","149"
"mpumalanga","Public Health","2021/12/03 00:00:00","6780"
"western cape","Public Health","2021/05/18 00:00:00","1579"
"western cape","Public Health","2021/09/01 00:00:00","30055"
"free state","Public Health","2022/10/26 00:00:00","380"
"eastern cape","Private Health","2022/03/26 00:00:00","505"
"eastern cape","Private Health","2022/08/29 00:00:00","84"
"western cape","Private Health","2022/02/07 00:00:00","4122"
"mpumalanga","Private Health","2022/02/19 00:00:00","456"
"limpopo","Private Health","2021/07/19 00:00:00","2350"
"kwazulu-natal","Public Health","2022/06/01 00:00:00","7326"
"western cape","Public Health","2022/07/11 00:00:00","773"
"western cape","Private Health","2022/05/01 00:00:00","49"
"gauteng","Private Health","2022/01/21 00:00:00","15132"
"eastern cape","Public Health","2021/02/23 00:00:00","694"
"limpopo","Private Health","2021/09/21 00:00:00","4940"
"free state","Public Health","2022/10/14 00:00:00","347"
"free state","Public Health","2022/07/24 00:00:00","44"
"kwazulu-natal","Private Health","2021/09/02 00:00:00","9731"
"mpumalanga","Private Health","2022/03/23 00:00:00","768"
"western cape","Private Health","2022/10/11 00:00:00","29"
"gauteng","Private Health","2021/11/02 00:00:00","20446"
"eastern cape","Private Health","2021/07/12 00:00:00","3653"
"northern cape","Private Health","2022/05/16 00:00:00","204"
"gauteng","Private Health","2022/01/22 00:00:00","5797"
"north west","Public Health","2022/05/17 00:00:00","2797"
"free state","Private Health","2021/08/19 00:00:00","2083"
"eastern cape","Private Health","2022/12/05 00:00:00","10"
"free state","Private Health","2021/11/16 00:00:00","1787"
"western cape","Public Health","2022/08/11 00:00:00","834"
"eastern cape","Private Health","2022/02/26 00:00:00","719"
"kwazulu-natal","Public Health","2021/03/05 00:00:00","1231"
"mpumalanga","Public Health","2021/08/20 00:00:00","9913"
"north west","Public Health","2021/04/28 00:00:00","117"
"northern cape","Private Health","2022/02/07 00:00:00","300"
"north west","Public Health","2022/01/31 00:00:00","3130"
"gauteng","Private Health","2022/10/02 00:00:00","31"
"limpopo","Public Health","2021/06/29 00:00:00","13273"
"gauteng","Public Health","2022/10/20 00:00:00","1241"
"western cape","Public Health","2021/06/10 00:00:00","12458"
"mpumalanga","Private Health","2022/06/25 00:00:00","65"
"gauteng","Private Health","2022/05/11 00:00:00","4926"
"mpumalanga","Private Health","2022/11/03 00:00:00","1"
"western cape","Public Health","2021/10/06 00:00:00","26181"
"mpumalanga","Public Health","2022/03/07 00:00:00","5741"
"kwazulu-natal","Private Health","2021/12/18 00:00:00","1516"
"free state","Public Health","2022/07/13 00:00:00","1123"
"north west","Private Health","2022/07/14 00:00:00","102"
"limpopo","Public Health","2021/10/03 00:00:00","97"
"mpumalanga","Private Health","2022/10/07 00:00:00","8"
"free state","Public Health","2022/04/25 00:00:00","4002"
"northern cape","Public Health","2022/06/27 00:00:00","570"
"north west","Public Health","2022/05/03 00:00:00","2428"
"limpopo","Private Health","2021/05/21 00:00:00","21"
"western cape","Private Health","2021/12/27 00:00:00","131"
"mpumalanga","Public Health","2021/12/12 00:00:00","1016"
"western cape","Public Health","2022/11/24 00:00:00","595"
"northern cape","Private Health","2022/04/10 00:00:00","90"
"free state","Public Health","2022/03/22 00:00:00","4628"
"northern cape","Public Health","2021/03/04 00:00:00","102"
"gauteng","Private Health","2021/10/16 00:00:00","7728"
"free state","Public Health","2022/02/04 00:00:00","3735"
"gauteng","Public Health","2021/10/23 00:00:00","9591"
"north west","Public Health","2021/02/22 00:00:00","775"
"northern cape","Public Health","2021/08/23 00:00:00","4345"
"limpopo","Public Health","2022/06/18 00:00:00","172"
"eastern cape","Private Health","2022/02/28 00:00:00","2249"
"mpumalanga","Private Health","2021/05/16 00:00:00","26"
"eastern cape","Public Health","2022/04/21 00:00:00","7855"
"limpopo","Private Health","2022/10/30 00:00:00","5"
"kwazulu-natal","Private Health","2021/12/11 00:00:00","2203"
"free state","Public Health","2022/06/02 00:00:00","2886"
"mpumalanga","Private Health","2022/02/17 00:00:00","694"
"gauteng","Public Health","2021/12/28 00:00:00","11825"
"kwazulu-natal","Public Health","2021/08/23 00:00:00","21232"
"mpumalanga","Private Health","2022/02/01 00:00:00","1156"
"limpopo","Private Health","2021/11/10 00:00:00","2231"
"western cape","Public Health","2021/08/12 00:00:00","20060"
"mpumalanga","Private Health","2021/03/31 00:00:00","1"
"limpopo","Public Health","2022/01/14 00:00:00","4725"
"mpumalanga","Public Health","2022/04/27 00:00:00","584"
"north west","Public Health","2021/12/10 00:00:00","5892"
"kwazulu-natal","Private Health","2022/07/14 00:00:00","320"
"free state","Public Health","2021/06/08 00:00:00","4981"
"northern cape","Public Health","2022/09/21 00:00:00","145"
"northern cape","Public Health","2021/04/30 00:00:00","152"
"eastern cape","Public Health","2021/11/22 00:00:00","13132"
"eastern cape","Private Health","2022/11/03 00:00:00","17"
"eastern cape","Private Health","2022/10/03 00:00:00","27"
"mpumalanga","Private Health","2022/01/20 00:00:00","1189"
"limpopo","Private Health","2021/08/11 00:00:00","2411"
"mpumalanga","Public Health","2021/03/31 00:00:00","593"
"northern cape","Private Health","2021/11/06 00:00:00","216"
"western cape","Private Health","2022/09/04 00:00:00","3"
"western cape","Private Health","2022/01/10 00:00:00","5162"
"northern cape","Private Health","2021/10/06 00:00:00","1055"
"free state","Private Health","2022/08/16 00:00:00","32"
"western cape","Public Health","2021/12/26 00:00:00","5"
"north west","Private Health","2021/10/14 00:00:00","3264"
"gauteng","Private Health","2022/11/17 00:00:00","272"
"northern cape","Private Health","2022/03/29 00:00:00","354"
"eastern cape","Public Health","2021/06/24 00:00:00","17949"
"western cape","Private Health","2021/07/03 00:00:00","1976"
"mpumalanga","Public Health","2021/03/22 00:00:00","1"
"limpopo","Public Health","2021/08/20 00:00:00","11125"
"northern cape","Private Health","2022/01/23 00:00:00","72"
"kwazulu-natal","Public Health","2022/06/17 00:00:00","3733"
"free state","Private Health","2022/10/14 00:00:00","102"
"eastern cape","Public Health","2022/10/25 00:00:00","1942"
"gauteng","Public Health","2022/09/02 00:00:00","1001"
"north west","Private Health","2022/03/26 00:00:00","342"
"kwazulu-natal","Private Health","2021/06/23 00:00:00","1659"
"gauteng","Public Health","2022/04/01 00:00:00","9280"
"western cape","Private Health","2022/02/10 00:00:00","3694"
"north west","Private Health","2021/11/11 00:00:00","2182"
"gauteng","Private Health","2021/12/07 00:00:00","19450"
"limpopo","Public Health","2021/11/23 00:00:00","8575"
"limpopo","Public Health","2022/04/13 00:00:00","6237"
"western cape","Private Health","2021/06/14 00:00:00","3482"
"eastern cape","Private Health","2022/07/18 00:00:00","112"
"limpopo","Private Health","2022/11/26 00:00:00","10"
"mpumalanga","Private Health","2021/11/08 00:00:00","1467"
"gauteng","Private Health","2022/12/11 00:00:00","1"
"eastern cape","Private Health","2022/03/21 00:00:00","145"
"northern cape","Private Health","2022/03/28 00:00:00","400"
"northern cape","Private Health","2022/04/25 00:00:00","271"
"limpopo","Public Health","2021/12/06 00:00:00","13177"
"northern cape","Public Health","2021/10/18 00:00:00","2945"
"free state","Public Health","2022/04/11 00:00:00","2289"
"eastern cape","Public Health","2022/09/22 00:00:00","811"
"limpopo","Public Health","2022/11/12 00:00:00","12"
"kwazulu-natal","Public Health","2021/06/17 00:00:00","11259"
"western cape","Private Health","2022/10/01 00:00:00","24"
"northern cape","Public Health","2021/02/21 00:00:00","251"
"northern cape","Public Health","2021/05/20 00:00:00","464"
"north west","Private Health","2022/08/02 00:00:00","77"
"western cape","Private Health","2022/10/13 00:00:00","30"
"mpumalanga","Public Health","2022/06/04 00:00:00","226"
"mpumalanga","Private Health","2022/04/12 00:00:00","390"
"kwazulu-natal","Private Health","2022/03/20 00:00:00","464"
"northern cape","Public Health","2021/12/15 00:00:00","1400"
"eastern cape","Private Health","2021/05/03 00:00:00","89"
"eastern cape","Private Health","2021/06/14 00:00:00","1196"
"northern cape","Private Health","2022/02/20 00:00:00","129"
"free state","Public Health","2022/01/17 00:00:00","3862"
"north west","Private Health","2022/05/29 00:00:00","2"
"eastern cape","Public Health","2022/09/06 00:00:00","1977"
"mpumalanga","Public Health","2022/07/29 00:00:00","1896"
"eastern cape","Private Health","2022/02/13 00:00:00","17"
"northern cape","Private Health","2022/06/01 00:00:00","139"
"free state","Private Health","2022/03/18 00:00:00","1014"
"gauteng","Public Health","2022/07/06 00:00:00","2141"
"free state","Public Health","2021/12/05 00:00:00","410"
"free state","Private Health","2022/04/26 00:00:00","746"
"limpopo","Public Health","2022/09/02 00:00:00","656"
"mpumalanga","Private Health","2022/10/28 00:00:00","7"
"limpopo","Public Health","2021/07/21 00:00:00","26366"
"northern cape","Public Health","2021/07/18 00:00:00","2013"
"limpopo","Public Health","2022/08/09 00:00:00","15"
"north west","Private Health","2022/07/20 00:00:00","104"
"mpumalanga","Private Health","2021/08/14 00:00:00","164"
"free state","Public Health","2022/11/14 00:00:00","271"
"kwazulu-natal","Private Health","2022/08/20 00:00:00","52"
"north west","Private Health","2022/01/23 00:00:00","4"
"free state","Public Health","2021/08/27 00:00:00","10309"
"north west","Private Health","2021/08/29 00:00:00","199"
"mpumalanga","Public Health","2022/08/04 00:00:00","1303"
"mpumalanga","Private Health","2022/07/22 00:00:00","292"
"gauteng","Private Health","2022/04/24 00:00:00","369"
"north west","Public Health","2021/12/18 00:00:00","1387"
"northern cape","Public Health","2022/01/28 00:00:00","977"
"limpopo","Public Health","2021/06/04 00:00:00","5640"
"eastern cape","Public Health","2021/06/27 00:00:00","9"
"northern cape","Public Health","2021/09/03 00:00:00","3780"
"limpopo","Public Health","2022/06/16 00:00:00","645"
"mpumalanga","Private Health","2022/09/24 00:00:00","2"
"mpumalanga","Public Health","2021/05/18 00:00:00","3009"
"limpopo","Private Health","2021/10/30 00:00:00","960"
"northern cape","Public Health","2021/08/15 00:00:00","160"
"limpopo","Public Health","2021/12/09 00:00:00","11429"
"eastern cape","Private Health","2021/07/09 00:00:00","4315"
"mpumalanga","Private Health","2021/11/24 00:00:00","1457"
"mpumalanga","Public Health","2022/08/01 00:00:00","1194"
"kwazulu-natal","Public Health","2021/11/14 00:00:00","6725"
"mpumalanga","Private Health","2022/03/07 00:00:00","984"
"limpopo","Public Health","2021/06/26 00:00:00","14174"
"north west","Private Health","2022/05/04 00:00:00","687"
"gauteng","Public Health","2022/07/03 00:00:00","74"
"eastern cape","Public Health","2022/11/06 00:00:00","3"
"north west","Private Health","2021/10/11 00:00:00","4022"
"north west","Private Health","2022/03/21 00:00:00","55"
"eastern cape","Public Health","2022/02/05 00:00:00","343"
"eastern cape","Private Health","2022/07/11 00:00:00","173"
"free state","Public Health","2022/11/09 00:00:00","291"
"free state","Private Health","2021/10/09 00:00:00","351"
"mpumalanga","Public Health","2021/12/11 00:00:00","2304"
"mpumalanga","Private Health","2021/10/03 00:00:00","140"
"north west","Private Health","2022/05/20 00:00:00","577"
"mpumalanga","Private Health","2022/03/30 00:00:00","671"
"eastern cape","Public Health","2021/07/06 00:00:00","21165"
"mpumalanga","Public Health","2022/11/18 00:00:00","408"
"limpopo","Public Health","2022/05/22 00:00:00","32"
"eastern cape","Private Health","2021/03/15 00:00:00","104"
"mpumalanga","Private Health","2021/11/03 00:00:00","1950"
"eastern cape","Public Health","2021/09/18 00:00:00","2526"
"mpumalanga","Private Health","2021/12/01 00:00:00","2334"
"north west","Private Health","2021/10/21 00:00:00","3266"
"western cape","Private Health","2022/04/05 00:00:00","3253"
"mpumalanga","Private Health","2022/04/24 00:00:00","8"
"gauteng","Public Health","2021/10/29 00:00:00","31604"
"northern cape","Public Health","2022/04/20 00:00:00","643"
"northern cape","Private Health","2021/11/17 00:00:00","974"
"free state","Private Health","2022/09/22 00:00:00","52"
"mpumalanga","Public Health","2021/03/07 00:00:00","1"
"north west","Public Health","2022/11/21 00:00:00","610"
"northern cape","Public Health","2022/09/01 00:00:00","199"
"eastern cape","Public Health","2022/12/08 00:00:00","1136"
"northern cape","Public Health","2022/11/02 00:00:00","196"
"kwazulu-natal","Public Health","2022/02/08 00:00:00","9431"
"eastern cape","Public Health","2022/04/13 00:00:00","4404"
"western cape","Public Health","2021/04/26 00:00:00","1"
"kwazulu-natal","Public Health","2021/03/26 00:00:00","863"
"northern cape","Public Health","2022/07/18 00:00:00","798"
"gauteng","Public Health","2021/06/09 00:00:00","13565"
"free state","Private Health","2022/01/03 00:00:00","805"
"western cape","Public Health","2022/11/07 00:00:00","510"
"eastern cape","Public Health","2022/08/08 00:00:00","975"
"eastern cape","Private Health","2021/10/29 00:00:00","3775"
"northern cape","Private Health","2022/05/05 00:00:00","160"
"eastern cape","Private Health","2022/08/05 00:00:00","105"
"limpopo","Private Health","2022/06/30 00:00:00","270"
"kwazulu-natal","Private Health","2022/10/14 00:00:00","44"
"gauteng","Private Health","2021/11/04 00:00:00","17404"
"western cape","Private Health","2021/06/07 00:00:00","2807"
"kwazulu-natal","Private Health","2022/06/22 00:00:00","578"
"free state","Public Health","2021/10/28 00:00:00","10626"
"gauteng","Private Health","2022/01/15 00:00:00","6174"
"gauteng","Public Health","2021/12/10 00:00:00","22916"
"western cape","Public Health","2022/07/15 00:00:00","930"
"western cape","Public Health","2022/05/24 00:00:00","2703"
"limpopo","Public Health","2022/11/15 00:00:00","1095"
"limpopo","Private Health","2022/08/18 00:00:00","453"
"limpopo","Public Health","2021/09/28 00:00:00","14015"
"gauteng","Private Health","2022/03/13 00:00:00","634"
"kwazulu-natal","Private Health","2022/04/08 00:00:00","2030"
"eastern cape","Private Health","2022/01/21 00:00:00","2015"
"northern cape","Public Health","2021/07/30 00:00:00","3620"
"eastern cape","Private Health","2022/03/14 00:00:00","1554"
"gauteng","Private Health","2021/12/15 00:00:00","14202"
"northern cape","Public Health","2021/08/21 00:00:00","1025"
"western cape","Public Health","2021/07/05 00:00:00","20193"
"northern cape","Public Health","2021/06/01 00:00:00","464"
"free state","Private Health","2021/10/22 00:00:00","2942"
"western cape","Public Health","2021/12/07 00:00:00","13186"
"gauteng","Private Health","2021/06/14 00:00:00","7595"
"mpumalanga","Public Health","2022/05/12 00:00:00","4646"
"limpopo","Public Health","2022/01/01 00:00:00","20"
"free state","Private Health","2022/09/27 00:00:00","141"
"mpumalanga","Public Health","2022/07/31 00:00:00","77"
"north west","Private Health","2022/11/14 00:00:00","10"
"free state","Public Health","2021/09/03 00:00:00","11389"
"gauteng","Private Health","2021/12/28 00:00:00","8441"
"gauteng","Private Health","2021/10/14 00:00:00","25856"
"north west","Private Health","2021/10/09 00:00:00","720"
"free state","Private Health","2022/04/06 00:00:00","769"
"eastern cape","Public Health","2022/08/02 00:00:00","2957"
"eastern cape","Public Health","2022/02/10 00:00:00","7564"
"western cape","Private Health","2022/02/28 00:00:00","6358"
"mpumalanga","Private Health","2022/02/25 00:00:00","1561"
"eastern cape","Private Health","2021/10/16 00:00:00","779"
"western cape","Public Health","2021/02/26 00:00:00","1642"
"kwazulu-natal","Private Health","2022/03/31 00:00:00","2246"
"limpopo","Public Health","2022/08/24 00:00:00","797"
"eastern cape","Public Health","2022/04/05 00:00:00","5673"
"northern cape","Public Health","2021/05/15 00:00:00","51"
"free state","Private Health","2021/07/20 00:00:00","2202"
"western cape","Private Health","2022/06/12 00:00:00","15"
"northern cape","Public Health","2022/10/22 00:00:00","23"
"north west","Private Health","2022/12/05 00:00:00","20"
"north west","Public Health","2022/09/10 00:00:00","98"
"eastern cape","Private Health","2022/08/30 00:00:00","74"
"northern cape","Private Health","2021/06/04 00:00:00","43"
"gauteng","Private Health","2022/09/22 00:00:00","269"
"mpumalanga","Public Health","2022/06/18 00:00:00","253"
"gauteng","Public Health","2021/04/20 00:00:00","6"
"free state","Private Health","2021/11/18 00:00:00","1558"
"eastern cape","Public Health","2021/05/18 00:00:00","5372"
"eastern cape","Private Health","2021/08/29 00:00:00","23"
"gauteng","Public Health","2022/02/20 00:00:00","2446"
"mpumalanga","Public Health","2021/06/18 00:00:00","3764"
"western cape","Public Health","2021/06/07 00:00:00","9635"
"kwazulu-natal","Public Health","2022/03/14 00:00:00","11305"
"eastern cape","Public Health","2021/03/10 00:00:00","601"
"kwazulu-natal","Private Health","2022/11/10 00:00:00","22"
"limpopo","Private Health","2021/03/10 00:00:00","29"
"north west","Private Health","2022/05/27 00:00:00","531"
"northern cape","Private Health","2022/11/28 00:00:00","9"
"western cape","Public Health","2021/07/14 00:00:00","24210"
"northern cape","Public Health","2021/10/30 00:00:00","161"
"eastern cape","Public Health","2022/05/23 00:00:00","7252"
"limpopo","Private Health","2021/07/10 00:00:00","113"
"western cape","Private Health","2022/06/14 00:00:00","857"
"north west","Public Health","2021/02/27 00:00:00","203"
"northern cape","Private Health","2021/09/26 00:00:00","6"
"mpumalanga","Private Health","2022/12/07 00:00:00","2"
"limpopo","Private Health","2021/08/09 00:00:00","36"
"limpopo","Public Health","2021/11/04 00:00:00","13225"
"western cape","Private Health","2022/08/24 00:00:00","217"
"north west","Private Health","2021/08/27 00:00:00","5102"
"mpumalanga","Public Health","2022/05/23 00:00:00","2978"
"kwazulu-natal","Public Health","2022/10/15 00:00:00","91"
"free state","Public Health","2021/09/05 00:00:00","811"
"northern cape","Public Health","2022/02/11 00:00:00","769"
"mpumalanga","Public Health","2022/09/02 00:00:00","611"
"gauteng","Public Health","2022/08/01 00:00:00","1468"
"mpumalanga","Private Health","2022/12/09 00:00:00","1"
"mpumalanga","Public Health","2022/09/20 00:00:00","738"
"mpumalanga","Private Health","2022/03/04 00:00:00","1033"
"eastern cape","Private Health","2021/08/19 00:00:00","4260"
"western cape","Public Health","2022/11/28 00:00:00","509"
"kwazulu-natal","Private Health","2022/05/09 00:00:00","1203"
"limpopo","Private Health","2022/01/06 00:00:00","2062"
"free state","Public Health","2021/07/18 00:00:00","929"
"limpopo","Public Health","2021/05/06 00:00:00","840"
"gauteng","Public Health","2022/07/30 00:00:00","113"
"eastern cape","Public Health","2022/06/06 00:00:00","4861"
"mpumalanga","Public Health","2021/11/29 00:00:00","8553"
"mpumalanga","Private Health","2021/12/02 00:00:00","2073"
"western cape","Public Health","2022/08/14 00:00:00","7"
"north west","Public Health","2022/01/07 00:00:00","3097"
"eastern cape","Public Health","2021/12/21 00:00:00","2845"
"northern cape","Private Health","2021/03/15 00:00:00","4"
"kwazulu-natal","Public Health","2021/05/20 00:00:00","20541"
"western cape","Public Health","2021/09/24 00:00:00","600"
"eastern cape","Public Health","2022/08/20 00:00:00","3"
"limpopo","Public Health","2021/08/26 00:00:00","27177"
"north west","Public Health","2022/04/17 00:00:00","436"
"northern cape","Public Health","2022/03/28 00:00:00","625"
"kwazulu-natal","Private Health","2021/11/19 00:00:00","6197"
"western cape","Public Health","2022/07/18 00:00:00","789"
"gauteng","Private Health","2022/09/21 00:00:00","268"
"mpumalanga","Public Health","2022/10/06 00:00:00","555"
"north west","Public Health","2022/10/18 00:00:00","383"
"mpumalanga","Public Health","2021/09/14 00:00:00","14248"
"northern cape","Public Health","2021/12/14 00:00:00","2062"
"limpopo","Public Health","2022/07/27 00:00:00","1936"
"mpumalanga","Public Health","2021/10/04 00:00:00","8484"
"kwazulu-natal","Private Health","2022/04/11 00:00:00","917"
"north west","Private Health","2021/09/22 00:00:00","4526"
"kwazulu-natal","Private Health","2022/02/07 00:00:00","2291"
"free state","Private Health","2021/06/17 00:00:00","269"
"mpumalanga","Public Health","2022/02/05 00:00:00","1144"
"northern cape","Public Health","2022/08/30 00:00:00","106"
"limpopo","Public Health","2021/11/21 00:00:00","7"
"western cape","Private Health","2022/01/27 00:00:00","4591"
"mpumalanga","Public Health","2021/06/03 00:00:00","4158"
"free state","Public Health","2021/06/09 00:00:00","4711"
"north west","Private Health","2022/03/07 00:00:00","1262"
"limpopo","Private Health","2022/05/27 00:00:00","564"
"eastern cape","Private Health","2021/03/26 00:00:00","410"
"gauteng","Public Health","2022/02/26 00:00:00","3294"
"northern cape","Public Health","2021/09/17 00:00:00","3546"
"western cape","Public Health","2021/03/05 00:00:00","601"
"mpumalanga","Private Health","2022/09/10 00:00:00","1"
"north west","Public Health","2021/10/04 00:00:00","8698"
"northern cape","Private Health","2022/10/14 00:00:00","6"
"kwazulu-natal","Private Health","2022/05/25 00:00:00","814"
"northern cape","Public Health","2022/10/19 00:00:00","239"
"northern cape","Private Health","2022/07/14 00:00:00","34"
"eastern cape","Private Health","2021/06/24 00:00:00","1174"
"kwazulu-natal","Private Health","2022/04/26 00:00:00","1587"
"limpopo","Public Health","2022/11/07 00:00:00","1126"
"northern cape","Private Health","2021/03/01 00:00:00","4"
"gauteng","Public Health","2021/05/06 00:00:00","1695"
"gauteng","Private Health","2022/10/05 00:00:00","362"
"kwazulu-natal","Public Health","2022/03/26 00:00:00","2021"
"western cape","Private Health","2021/06/05 00:00:00","370"
"free state","Private Health","2022/09/30 00:00:00","24"
"mpumalanga","Public Health","2022/10/20 00:00:00","891"
"western cape","Private Health","2021/06/21 00:00:00","4197"
"eastern cape","Private Health","2021/06/26 00:00:00","59"
"eastern cape","Public Health","2022/04/18 00:00:00","217"
"northern cape","Private Health","2021/12/07 00:00:00","904"
"limpopo","Public Health","2021/08/14 00:00:00","3607"
"mpumalanga","Public Health","2021/11/03 00:00:00","8383"
"northern cape","Public Health","2021/07/21 00:00:00","4918"
"kwazulu-natal","Public Health","2022/06/24 00:00:00","3275"
"mpumalanga","Public Health","2021/06/26 00:00:00","448"
"kwazulu-natal","Public Health","2022/07/02 00:00:00","232"
"northern cape","Public Health","2022/10/14 00:00:00","137"
"kwazulu-natal","Public Health","2021/08/17 00:00:00","20388"
"mpumalanga","Private Health","2021/10/31 00:00:00","36"
"gauteng","Private Health","2021/06/15 00:00:00","8510"
"eastern cape","Public Health","2021/05/05 00:00:00","1385"
"limpopo","Public Health","2021/05/21 00:00:00","5000"
"western cape","Public Health","2021/10/25 00:00:00","20070"
"northern cape","Public Health","2022/10/27 00:00:00","223"
"kwazulu-natal","Public Health","2021/05/02 00:00:00","502"
"kwazulu-natal","Private Health","2021/10/27 00:00:00","5586"
"eastern cape","Public Health","2021/11/11 00:00:00","15229"
"limpopo","Private Health","2022/04/09 00:00:00","263"
"north west","Public Health","2022/05/13 00:00:00","2508"
"northern cape","Private Health","2021/09/27 00:00:00","991"
"limpopo","Private Health","2022/11/08 00:00:00","35"
"north west","Public Health","2022/10/30 00:00:00","128"
"limpopo","Private Health","2021/06/07 00:00:00","241"
"free state","Private Health","2021/11/02 00:00:00","2313"
"eastern cape","Private Health","2022/05/20 00:00:00","716"
"free state","Private Health","2021/07/27 00:00:00","2065"
"free state","Public Health","2022/04/03 00:00:00","1"
"western cape","Private Health","2021/12/01 00:00:00","7807"
"mpumalanga","Public Health","2022/07/13 00:00:00","1668"
"mpumalanga","Public Health","2022/03/17 00:00:00","4988"
"limpopo","Private Health","2022/10/27 00:00:00","25"
"western cape","Public Health","2022/10/14 00:00:00","534"
"gauteng","Public Health","2022/06/04 00:00:00","1235"
"limpopo","Public Health","2021/05/03 00:00:00","1059"
"limpopo","Public Health","2022/01/07 00:00:00","6587"
"mpumalanga","Public Health","2022/02/02 00:00:00","3508"
"north west","Private Health","2021/07/10 00:00:00","504"
"western cape","Public Health","2022/09/14 00:00:00","739"
"northern cape","Public Health","2022/06/12 00:00:00","1"
"north west","Public Health","2021/07/12 00:00:00","8437"
"kwazulu-natal","Private Health","2021/10/19 00:00:00","4826"
"free state","Public Health","2021/06/05 00:00:00","483"
"kwazulu-natal","Public Health","2021/07/02 00:00:00","26935"
"eastern cape","Public Health","2021/06/19 00:00:00","21"
"free state","Private Health","2021/08/16 00:00:00","2086"
"eastern cape","Private Health","2022/10/24 00:00:00","9"
"gauteng","Public Health","2021/04/09 00:00:00","993"
"limpopo","Public Health","2022/04/29 00:00:00","5282"
"northern cape","Public Health","2022/10/26 00:00:00","184"
"northern cape","Public Health","2021/09/20 00:00:00","1990"
"kwazulu-natal","Public Health","2022/09/02 00:00:00","840"
"limpopo","Public Health","2022/06/30 00:00:00","1558"
"western cape","Public Health","2021/08/29 00:00:00","52"
"kwazulu-natal","Public Health","2021/07/09 00:00:00","38898"
"north west","Private Health","2021/08/24 00:00:00","6126"
"free state","Private Health","2021/05/21 00:00:00","2"
"mpumalanga","Private Health","2021/09/28 00:00:00","2731"
"kwazulu-natal","Public Health","2021/06/21 00:00:00","9667"
"northern cape","Public Health","2022/10/21 00:00:00","156"
"eastern cape","Private Health","2021/09/17 00:00:00","4872"
"north west","Private Health","2021/03/02 00:00:00","50"
"western cape","Public Health","2022/09/08 00:00:00","547"
"limpopo","Public Health","2021/11/29 00:00:00","13751"
"kwazulu-natal","Private Health","2021/05/03 00:00:00","1527"
"free state","Public Health","2022/09/13 00:00:00","530"
"gauteng","Public Health","2021/12/20 00:00:00","16704"
"north west","Private Health","2022/09/16 00:00:00","44"
"free state","Public Health","2021/03/17 00:00:00","644"
"free state","Private Health","2022/03/24 00:00:00","975"
"free state","Public Health","2022/03/04 00:00:00","5450"
"limpopo","Private Health","2022/10/08 00:00:00","18"
"free state","Private Health","2021/09/09 00:00:00","2743"
"mpumalanga","Public Health","2021/08/16 00:00:00","6313"
"eastern cape","Public Health","2021/03/01 00:00:00","99"
"limpopo","Public Health","2022/01/28 00:00:00","5294"
"free state","Public Health","2022/12/05 00:00:00","153"
"northern cape","Public Health","2022/07/14 00:00:00","715"
"northern cape","Private Health","2022/10/11 00:00:00","8"
"eastern cape","Public Health","2022/02/25 00:00:00","6639"
"gauteng","Private Health","2021/02/27 00:00:00","335"
"northern cape","Private Health","2021/08/02 00:00:00","650"
"kwazulu-natal","Private Health","2022/06/17 00:00:00","675"
"gauteng","Private Health","2022/04/22 00:00:00","6527"
"north west","Private Health","2021/12/31 00:00:00","419"
"mpumalanga","","2022/11/18 00:00:00","1"
"western cape","Private Health","2021/11/04 00:00:00","8264"
"western cape","Private Health","2022/07/28 00:00:00","255"
"free state","Private Health","2022/01/23 00:00:00","26"
"gauteng","Public Health","2022/10/31 00:00:00","1192"
"limpopo","Private Health","2022/04/14 00:00:00","909"
"north west","Public Health","2021/05/23 00:00:00","133"
"free state","Public Health","2021/11/07 00:00:00","308"
"eastern cape","Public Health","2021/04/30 00:00:00","419"
"gauteng","Private Health","2022/09/09 00:00:00","555"
"limpopo","Private Health","2022/08/26 00:00:00","285"
"western cape","Public Health","2022/01/04 00:00:00","4343"
"mpumalanga","Private Health","2021/07/28 00:00:00","2202"
"free state","Private Health","2021/09/30 00:00:00","2348"
"kwazulu-natal","Public Health","2021/08/07 00:00:00","6818"
"limpopo","Private Health","2021/11/18 00:00:00","3059"
"western cape","Private Health","2021/05/13 00:00:00","1148"
"western cape","Public Health","2021/03/31 00:00:00","2184"
"northern cape","Public Health","2021/04/12 00:00:00","115"
"northern cape","Private Health","2021/10/05 00:00:00","1087"
"northern cape","Public Health","2022/09/28 00:00:00","173"
"northern cape","Private Health","2022/04/28 00:00:00","226"
"kwazulu-natal","Private Health","2022/05/04 00:00:00","1023"
"western cape","Public Health","2021/12/12 00:00:00","340"
"limpopo","Private Health","2022/12/08 00:00:00","19"
"limpopo","Public Health","2022/02/20 00:00:00","122"
"mpumalanga","Public Health","2022/07/04 00:00:00","1596"
"mpumalanga","","2022/11/25 00:00:00","1"
"free state","Private Health","2022/09/29 00:00:00","96"
"free state","Public Health","2022/01/19 00:00:00","4240"
"kwazulu-natal","Public Health","2021/05/23 00:00:00","911"
"limpopo","Public Health","2021/07/01 00:00:00","13761"
"eastern cape","Public Health","2021/09/17 00:00:00","11117"
"mpumalanga","Public Health","2021/03/03 00:00:00","500"
"eastern cape","Public Health","2022/10/20 00:00:00","2379"
"north west","Private Health","2021/06/10 00:00:00","180"
"north west","Private Health","2021/11/06 00:00:00","547"
"northern cape","Private Health","2022/04/08 00:00:00","300"
"gauteng","Private Health","2021/06/30 00:00:00","7022"
"mpumalanga","Public Health","2022/10/26 00:00:00","732"
"western cape","Public Health","2022/06/21 00:00:00","1839"
"north west","Private Health","2022/02/22 00:00:00","799"
"north west","Public Health","2022/05/08 00:00:00","741"
"mpumalanga","Private Health","2022/07/12 00:00:00","329"
"limpopo","Public Health","2022/01/13 00:00:00","5830"
"eastern cape","Public Health","2021/10/20 00:00:00","17337"
"western cape","Private Health","2022/02/18 00:00:00","4730"
"mpumalanga","Private Health","2021/03/05 00:00:00","205"
"north west","Public Health","2022/03/23 00:00:00","4753"
"gauteng","Private Health","2022/05/20 00:00:00","4604"
"limpopo","Private Health","2022/07/01 00:00:00","307"
"kwazulu-natal","Private Health","2021/07/10 00:00:00","710"
"eastern cape","Private Health","2021/12/30 00:00:00","1100"
"western cape","Private Health","2021/03/13 00:00:00","221"
"northern cape","Private Health","2021/05/25 00:00:00","1"
"kwazulu-natal","Public Health","2021/11/06 00:00:00","4635"
"north west","Private Health","2021/10/26 00:00:00","3426"
"gauteng","Public Health","2021/04/01 00:00:00","1350"
"mpumalanga","Private Health","2022/02/02 00:00:00","732"
"gauteng","Public Health","2021/11/01 00:00:00","13253"
"northern cape","Private Health","2022/03/10 00:00:00","367"
"free state","Public Health","2021/08/15 00:00:00","154"
"western cape","Private Health","2021/05/04 00:00:00","432"
"mpumalanga","Private Health","2021/07/23 00:00:00","1627"
"eastern cape","Public Health","2022/10/12 00:00:00","1985"
"mpumalanga","Private Health","2021/11/04 00:00:00","1895"
"free state","Private Health","2022/01/15 00:00:00","138"
"north west","Public Health","2021/06/20 00:00:00","9"
"kwazulu-natal","Public Health","2022/12/04 00:00:00","14"
"northern cape","Public Health","2021/09/12 00:00:00","692"
"western cape","Public Health","2021/06/04 00:00:00","10923"
"kwazulu-natal","Private Health","2022/02/26 00:00:00","2224"
"northern cape","Private Health","2022/02/04 00:00:00","405"
"north west","Public Health","2022/06/24 00:00:00","881"
"mpumalanga","Public Health","2021/09/04 00:00:00","3409"
"north west","Public Health","2022/09/24 00:00:00","136"
"limpopo","Public Health","2021/12/29 00:00:00","5026"
"western cape","Public Health","2022/09/20 00:00:00","512"
"gauteng","Public Health","2022/06/08 00:00:00","5413"
"north west","Private Health","2022/08/10 00:00:00","52"
"limpopo","Public Health","2021/03/08 00:00:00","1"
"free state","Public Health","2022/05/25 00:00:00","3344"
"free state","Private Health","2022/08/27 00:00:00","4"
"western cape","Private Health","2021/10/22 00:00:00","11106"
"free state","Public Health","2022/05/13 00:00:00","3049"
"gauteng","Public Health","2021/06/21 00:00:00","14122"
"kwazulu-natal","Public Health","2022/01/30 00:00:00","1118"
"north west","Public Health","2021/09/16 00:00:00","11045"
"eastern cape","Private Health","2022/10/11 00:00:00","28"
"gauteng","Private Health","2022/11/13 00:00:00","2"
"eastern cape","Public Health","2022/08/04 00:00:00","2761"
"northern cape","Private Health","2022/11/07 00:00:00","13"
"eastern cape","Public Health","2021/03/23 00:00:00","1225"
"kwazulu-natal","Public Health","2021/03/04 00:00:00","1142"
"gauteng","Public Health","2021/08/10 00:00:00","28433"
"northern cape","Public Health","2022/04/30 00:00:00","10"
"gauteng","Private Health","2022/11/01 00:00:00","257"
"free state","Private Health","2022/07/25 00:00:00","49"
"kwazulu-natal","Private Health","2022/01/27 00:00:00","2437"
"kwazulu-natal","Public Health","2022/03/24 00:00:00","10495"
"gauteng","Public Health","2022/04/04 00:00:00","6463"
"limpopo","Private Health","2021/08/27 00:00:00","4814"
"eastern cape","Private Health","2022/06/22 00:00:00","333"
"north west","Private Health","2022/01/25 00:00:00","1156"
"western cape","Public Health","2022/12/03 00:00:00","12"
"limpopo","Private Health","2021/06/09 00:00:00","176"
"eastern cape","Private Health","2021/11/04 00:00:00","3081"
"eastern cape","Private Health","2022/01/17 00:00:00","2457"
"north west","Public Health","2021/10/03 00:00:00","7406"
"northern cape","Public Health","2022/04/25 00:00:00","819"
"western cape","Private Health","2022/02/20 00:00:00","88"
"western cape","Private Health","2021/08/29 00:00:00","1581"
"kwazulu-natal","Private Health","2021/12/04 00:00:00","3188"
"gauteng","Public Health","2021/03/13 00:00:00","6"
"limpopo","Public Health","2022/08/18 00:00:00","1405"
"western cape","Public Health","2021/05/17 00:00:00","841"
"kwazulu-natal","Public Health","2021/10/13 00:00:00","20195"
"gauteng","Private Health","2022/02/28 00:00:00","13658"
"kwazulu-natal","Private Health","2022/02/06 00:00:00","338"
"eastern cape","Public Health","2022/09/26 00:00:00","1714"
"northern cape","Public Health","2022/01/20 00:00:00","746"
"free state","Public Health","2022/06/11 00:00:00","60"
"north west","Private Health","2021/07/19 00:00:00","2648"
"north west","Private Health","2021/10/13 00:00:00","3214"
"eastern cape","Private Health","2022/05/09 00:00:00","705"
"free state","Public Health","2022/09/24 00:00:00","1"
"kwazulu-natal","Public Health","2022/06/29 00:00:00","2996"
"western cape","Private Health","2022/11/08 00:00:00","28"
"free state","Private Health","2022/04/24 00:00:00","20"
"northern cape","Public Health","2021/07/02 00:00:00","2178"
"eastern cape","Private Health","2022/01/11 00:00:00","2043"
"free state","Private Health","2022/07/30 00:00:00","10"
"western cape","Private Health","2022/04/10 00:00:00","53"
"north west","Private Health","2022/03/10 00:00:00","1180"
"mpumalanga","Public Health","2021/09/09 00:00:00","13999"
"north west","Public Health","2021/12/12 00:00:00","2136"
"kwazulu-natal","Public Health","2022/09/21 00:00:00","801"
"free state","Public Health","2022/04/24 00:00:00","5"
"western cape","Public Health","2022/08/30 00:00:00","591"
"northern cape","Private Health","2021/09/30 00:00:00","886"
"western cape","Private Health","2021/11/11 00:00:00","7574"
"western cape","Public Health","2022/05/06 00:00:00","3116"
"free state","Public Health","2021/05/05 00:00:00","313"
"free state","Private Health","2022/01/18 00:00:00","1040"
"northern cape","Public Health","2021/04/13 00:00:00","151"
"gauteng","Public Health","2022/03/04 00:00:00","18499"
"limpopo","Private Health","2022/07/03 00:00:00","12"
"mpumalanga","Public Health","2022/11/09 00:00:00","744"
"north west","Public Health","2022/02/17 00:00:00","3944"
"free state","Public Health","2021/10/09 00:00:00","1653"
"north west","Public Health","2021/08/08 00:00:00","505"
"northern cape","Public Health","2021/11/22 00:00:00","1645"
"northern cape","Public Health","2021/07/17 00:00:00","864"
"mpumalanga","Public Health","2021/09/13 00:00:00","11697"
"northern cape","Public Health","2021/11/18 00:00:00","2119"
"mpumalanga","Public Health","2022/08/23 00:00:00","1163"
"north west","Public Health","2021/08/01 00:00:00","1125"
"kwazulu-natal","Private Health","2021/09/14 00:00:00","9466"
"limpopo","Private Health","2022/10/18 00:00:00","106"
"north west","Public Health","2022/06/09 00:00:00","1975"
"kwazulu-natal","Private Health","2021/07/18 00:00:00","136"
"kwazulu-natal","Public Health","2021/10/28 00:00:00","17473"
"eastern cape","Private Health","2022/06/27 00:00:00","328"
"kwazulu-natal","Public Health","2021/11/26 00:00:00","12670"
"north west","Private Health","2022/05/24 00:00:00","576"
"western cape","Private Health","2022/08/02 00:00:00","220"
"eastern cape","Public Health","2021/09/29 00:00:00","15198"
"eastern cape","Public Health","2021/08/05 00:00:00","18437"
"northern cape","Private Health","2022/06/24 00:00:00","77"
"limpopo","Private Health","2022/11/29 00:00:00","2"
"western cape","Public Health","2022/12/02 00:00:00","409"
"north west","Public Health","2021/07/28 00:00:00","7257"
"western cape","Public Health","2021/05/14 00:00:00","2909"
"gauteng","Private Health","2021/07/01 00:00:00","10675"
"eastern cape","Public Health","2022/09/24 00:00:00","3"
"limpopo","Private Health","2022/10/05 00:00:00","53"
"gauteng","Public Health","2021/06/24 00:00:00","19994"
"kwazulu-natal","Public Health","2022/10/18 00:00:00","782"
"western cape","Public Health","2022/11/25 00:00:00","521"
"free state","Private Health","2021/06/15 00:00:00","287"
"western cape","Private Health","2022/12/02 00:00:00","28"
"free state","Private Health","2021/07/17 00:00:00","497"
"kwazulu-natal","Private Health","2022/12/06 00:00:00","21"
"north west","Private Health","2022/01/31 00:00:00","1060"
"eastern cape","Private Health","2022/01/10 00:00:00","2195"
"western cape","Public Health","2022/10/05 00:00:00","409"
"limpopo","Public Health","2021/06/07 00:00:00","10402"
"limpopo","Public Health","2021/06/25 00:00:00","16406"
"gauteng","Private Health","2022/08/01 00:00:00","864"
"north west","Public Health","2021/05/28 00:00:00","2495"
"gauteng","Private Health","2022/10/21 00:00:00","206"
"mpumalanga","Public Health","2022/03/20 00:00:00","152"
"limpopo","Public Health","2021/12/15 00:00:00","8288"
"mpumalanga","","2022/09/09 00:00:00","1"
"mpumalanga","Public Health","2021/03/30 00:00:00","749"
"eastern cape","Private Health","2022/08/08 00:00:00","73"
"north west","Public Health","2022/02/28 00:00:00","5418"
"eastern cape","Private Health","2021/08/07 00:00:00","266"
"gauteng","Private Health","2021/02/25 00:00:00","1193"
"eastern cape","Public Health","2022/07/11 00:00:00","1886"
"mpumalanga","Public Health","2021/03/04 00:00:00","554"
"northern cape","Public Health","2022/04/06 00:00:00","847"
"north west","Private Health","2022/09/10 00:00:00","8"
"free state","Public Health","2022/02/02 00:00:00","4350"
"kwazulu-natal","Private Health","2022/07/30 00:00:00","132"
"limpopo","Private Health","2022/02/08 00:00:00","937"
"north west","Public Health","2022/07/30 00:00:00","102"
"free state","Private Health","2022/09/01 00:00:00","10"
"free state","Private Health","2021/08/04 00:00:00","1884"
"free state","Private Health","2022/01/25 00:00:00","1041"
"eastern cape","Public Health","2021/12/22 00:00:00","2449"
"western cape","Private Health","2022/03/22 00:00:00","4076"
"northern cape","Private Health","2021/07/31 00:00:00","89"
"kwazulu-natal","Private Health","2021/06/07 00:00:00","1157"
"gauteng","Private Health","2022/09/07 00:00:00","384"
"eastern cape","Private Health","2021/04/23 00:00:00","1"
"free state","Private Health","2021/08/25 00:00:00","2797"
"gauteng","Public Health","2022/01/05 00:00:00","15367"
"eastern cape","Private Health","2022/04/10 00:00:00","16"
"gauteng","Public Health","2021/11/10 00:00:00","21879"
"northern cape","Public Health","2022/03/26 00:00:00","61"
"western cape","Private Health","2021/11/27 00:00:00","2189"
"limpopo","Private Health","2022/08/07 00:00:00","4"
"eastern cape","Private Health","2021/10/30 00:00:00","1082"
"free state","Private Health","2022/05/30 00:00:00","396"
"north west","Private Health","2021/08/08 00:00:00","520"
"north west","Private Health","2022/10/27 00:00:00","33"
"northern cape","Public Health","2022/09/13 00:00:00","147"
"gauteng","Public Health","2022/02/15 00:00:00","14111"
"free state","Public Health","2022/06/06 00:00:00","2411"
"mpumalanga","Private Health","2021/11/07 00:00:00","12"
"limpopo","Private Health","2021/03/06 00:00:00","293"
"northern cape","Private Health","2022/05/14 00:00:00","94"
"western cape","Private Health","2021/08/08 00:00:00","843"
"kwazulu-natal","Public Health","2021/12/27 00:00:00","488"
"mpumalanga","Public Health","2022/05/22 00:00:00","104"
"gauteng","Public Health","2021/06/15 00:00:00","11535"
"eastern cape","Public Health","2021/02/22 00:00:00","320"
"mpumalanga","Public Health","2021/10/22 00:00:00","10646"
"free state","Public Health","2022/01/25 00:00:00","4873"
"north west","Private Health","2022/11/03 00:00:00","25"
"north west","Public Health","2021/07/15 00:00:00","9020"
"mpumalanga","Public Health","2021/05/07 00:00:00","191"
"north west","Public Health","2021/06/25 00:00:00","5939"
"gauteng","Public Health","2022/08/13 00:00:00","187"
"eastern cape","Public Health","2021/11/23 00:00:00","11779"
"eastern cape","Public Health","2021/06/25 00:00:00","13879"
"eastern cape","Private Health","2022/06/03 00:00:00","439"
"northern cape","Public Health","2021/03/24 00:00:00","92"
"kwazulu-natal","Private Health","2022/10/02 00:00:00","1"
"western cape","Public Health","2022/04/03 00:00:00","65"
"mpumalanga","Public Health","2022/11/24 00:00:00","535"
"mpumalanga","Private Health","2021/08/30 00:00:00","3641"
"gauteng","Private Health","2021/05/05 00:00:00","698"
"gauteng","Private Health","2021/11/14 00:00:00","2290"
"western cape","Private Health","2021/10/12 00:00:00","10776"
"mpumalanga","Private Health","2022/02/23 00:00:00","1220"
"gauteng","Public Health","2022/10/15 00:00:00","98"
"western cape","Private Health","2021/08/04 00:00:00","10720"
"north west","Private Health","2022/05/19 00:00:00","586"
"limpopo","Private Health","2021/09/06 00:00:00","5312"
"mpumalanga","Private Health","2021/07/20 00:00:00","1821"
"western cape","Private Health","2021/03/16 00:00:00","664"
"western cape","Public Health","2021/08/03 00:00:00","22820"
"limpopo","Private Health","2021/11/19 00:00:00","2496"
"gauteng","Public Health","2022/01/06 00:00:00","12400"
"gauteng","Public Health","2022/11/14 00:00:00","1407"
"northern cape","Private Health","2022/08/15 00:00:00","25"
"limpopo","Private Health","2022/10/20 00:00:00","84"
"free state","Public Health","2021/11/29 00:00:00","9770"
"north west","Public Health","2022/06/25 00:00:00","157"
"gauteng","Public Health","2021/04/30 00:00:00","1071"
"northern cape","Private Health","2021/05/24 00:00:00","24"
"northern cape","Public Health","2021/03/27 00:00:00","192"
"north west","Public Health","2022/06/13 00:00:00","1622"
"north west","Private Health","2021/12/15 00:00:00","1641"
"north west","Private Health","2022/09/17 00:00:00","4"
"eastern cape","Public Health","2021/06/21 00:00:00","12455"
"eastern cape","Private Health","2022/10/14 00:00:00","8"
"western cape","Public Health","2021/08/28 00:00:00","4961"
"kwazulu-natal","Public Health","2021/03/12 00:00:00","1309"
"western cape","Private Health","2022/04/04 00:00:00","3715"
"mpumalanga","Public Health","2021/11/21 00:00:00","192"
"mpumalanga","Private Health","2022/04/19 00:00:00","406"
"western cape","Private Health","2021/05/18 00:00:00","105"
"north west","Private Health","2021/08/25 00:00:00","5387"
"free state","Public Health","2022/05/22 00:00:00","5"
"gauteng","Private Health","2021/08/20 00:00:00","39285"
"free state","Private Health","2022/03/06 00:00:00","42"
"northern cape","Private Health","2022/11/09 00:00:00","1"
"eastern cape","Public Health","2021/12/11 00:00:00","818"
"western cape","Private Health","2022/05/18 00:00:00","1699"
"gauteng","Public Health","2022/02/19 00:00:00","3620"
"limpopo","Private Health","2022/10/22 00:00:00","11"
"kwazulu-natal","Private Health","2022/04/25 00:00:00","1266"
"gauteng","Public Health","2022/01/09 00:00:00","1311"
"western cape","Private Health","2022/08/10 00:00:00","271"
"western cape","Private Health","2022/04/29 00:00:00","3273"
"eastern cape","Private Health","2021/04/12 00:00:00","300"
"eastern cape","Public Health","2021/09/08 00:00:00","23040"
"northern cape","Public Health","2022/05/20 00:00:00","829"
"free state","Public Health","2022/05/04 00:00:00","4326"
"northern cape","Public Health","2022/07/12 00:00:00","727"
"gauteng","Public Health","2022/08/18 00:00:00","1467"
"kwazulu-natal","Public Health","2022/04/26 00:00:00","8609"
"mpumalanga","Public Health","2022/01/09 00:00:00","167"
"gauteng","Public Health","2022/10/18 00:00:00","1229"
"north west","Private Health","2022/11/17 00:00:00","16"
"western cape","Public Health","2021/09/16 00:00:00","28442"
"western cape","Private Health","2021/05/28 00:00:00","557"
"gauteng","Private Health","2021/12/17 00:00:00","12754"
"mpumalanga","Public Health","2021/05/21 00:00:00","1584"
"eastern cape","Public Health","2021/07/18 00:00:00","564"
"western cape","Private Health","2022/05/28 00:00:00","693"
"northern cape","Private Health","2021/12/28 00:00:00","307"
"western cape","Private Health","2021/11/07 00:00:00","154"
"free state","Private Health","2022/10/07 00:00:00","4"
"limpopo","Private Health","2021/11/06 00:00:00","832"
"free state","Public Health","2022/11/05 00:00:00","3"
"north west","Private Health","2021/05/29 00:00:00","12"
"mpumalanga","Private Health","2022/11/22 00:00:00","1"
"north west","Public Health","2021/07/14 00:00:00","8495"
"limpopo","Private Health","2022/08/21 00:00:00","13"
"limpopo","Public Health","2021/05/07 00:00:00","940"
"western cape","Public Health","2022/11/03 00:00:00","592"
"western cape","Private Health","2021/06/15 00:00:00","4015"
"north west","Private Health","2021/10/29 00:00:00","3435"
"eastern cape","Private Health","2021/06/08 00:00:00","1228"
"western cape","Private Health","2021/07/23 00:00:00","11064"
"gauteng","Public Health","2021/04/18 00:00:00","6"
"north west","Private Health","2021/06/02 00:00:00","391"
"northern cape","Public Health","2022/05/24 00:00:00","1475"
"limpopo","Private Health","2021/11/01 00:00:00","397"
"western cape","Public Health","2022/04/07 00:00:00","3792"
"gauteng","Public Health","2022/08/22 00:00:00","1535"
"north west","Public Health","2022/02/14 00:00:00","3531"
"limpopo","Public Health","2022/08/03 00:00:00","1504"
"gauteng","Private Health","2022/11/03 00:00:00","328"
"gauteng","Public Health","2022/11/20 00:00:00","42"
"mpumalanga","Public Health","2021/03/18 00:00:00","319"
"north west","Private Health","2021/03/10 00:00:00","158"
"northern cape","Public Health","2022/03/05 00:00:00","93"
"eastern cape","Private Health","2021/06/30 00:00:00","1261"
"free state","Public Health","2022/09/12 00:00:00","430"
"free state","Private Health","2021/06/07 00:00:00","299"
"kwazulu-natal","Public Health","2021/05/28 00:00:00","20240"
"western cape","Public Health","2022/02/17 00:00:00","5770"
"free state","Public Health","2022/05/05 00:00:00","3751"
"eastern cape","Public Health","2021/11/02 00:00:00","17119"
"limpopo","Public Health","2022/10/28 00:00:00","764"
"gauteng","Public Health","2021/12/26 00:00:00","249"
"western cape","Private Health","2022/06/22 00:00:00","807"
"north west","Public Health","2022/04/20 00:00:00","3076"
"western cape","Private Health","2022/08/17 00:00:00","157"
"eastern cape","Private Health","2021/07/21 00:00:00","5430"
"kwazulu-natal","Private Health","2022/11/04 00:00:00","38"
"northern cape","Public Health","2022/04/09 00:00:00","639"
"kwazulu-natal","Private Health","2022/04/19 00:00:00","1000"
"mpumalanga","Public Health","2022/03/05 00:00:00","1168"
"north west","Public Health","2021/10/27 00:00:00","10091"
"mpumalanga","Private Health","2021/12/26 00:00:00","22"
"free state","Private Health","2021/11/27 00:00:00","323"
"free state","Public Health","2021/11/11 00:00:00","8068"
"northern cape","Public Health","2022/02/14 00:00:00","428"
"north west","Private Health","2022/01/28 00:00:00","1277"
"gauteng","Private Health","2022/06/23 00:00:00","2034"
"free state","Private Health","2021/07/07 00:00:00","1100"
"free state","Private Health","2022/11/24 00:00:00","24"
"mpumalanga","Public Health","2021/04/12 00:00:00","118"
"northern cape","Private Health","2022/03/02 00:00:00","570"
"kwazulu-natal","Public Health","2022/10/29 00:00:00","73"
"eastern cape","Private Health","2021/06/07 00:00:00","1073"
"kwazulu-natal","Public Health","2022/10/01 00:00:00","47"
"western cape","Public Health","2022/06/11 00:00:00","99"
"northern cape","Private Health","2022/09/19 00:00:00","14"
"north west","Private Health","2022/04/22 00:00:00","859"
"free state","Public Health","2022/08/03 00:00:00","835"
"north west","Private Health","2021/05/21 00:00:00","2"
"free state","Private Health","2022/11/09 00:00:00","20"
"western cape","Private Health","2021/12/09 00:00:00","6944"
"free state","Private Health","2021/10/24 00:00:00","63"
"gauteng","Private Health","2021/02/22 00:00:00","149"
"western cape","Private Health","2022/07/10 00:00:00","6"
"eastern cape","Public Health","2021/06/03 00:00:00","1830"
"limpopo","Public Health","2021/06/09 00:00:00","15178"
"northern cape","Public Health","2021/03/06 00:00:00","37"
"eastern cape","Public Health","2022/06/28 00:00:00","3211"
"western cape","Private Health","2022/03/17 00:00:00","4397"
"free state","Public Health","2022/03/18 00:00:00","4602"
"western cape","Private Health","2022/04/21 00:00:00","2261"
"free state","Public Health","2022/01/09 00:00:00","4"
"gauteng","Private Health","2022/04/07 00:00:00","6807"
"limpopo","Private Health","2022/06/20 00:00:00","333"
"north west","Public Health","2022/06/16 00:00:00","724"
"northern cape","Private Health","2022/02/18 00:00:00","444"
"mpumalanga","Public Health","2022/11/10 00:00:00","634"
"northern cape","Public Health","2021/11/20 00:00:00","470"
"eastern cape","Public Health","2021/03/22 00:00:00","2"
"limpopo","Public Health","2022/11/01 00:00:00","678"
"western cape","Public Health","2022/01/26 00:00:00","7171"
"mpumalanga","Public Health","2022/04/10 00:00:00","463"
"eastern cape","Public Health","2022/04/23 00:00:00","344"
"kwazulu-natal","Public Health","2021/06/13 00:00:00","1576"
"free state","Private Health","2021/11/21 00:00:00","13"
"north west","Public Health","2021/05/31 00:00:00","2959"
"western cape","Public Health","2022/06/02 00:00:00","2427"
"northern cape","Private Health","2021/08/13 00:00:00","654"
"gauteng","Private Health","2021/04/06 00:00:00","1"
"free state","Public Health","2022/08/20 00:00:00","4"
"free state","Public Health","2021/06/12 00:00:00","369"
"mpumalanga","Public Health","2022/06/17 00:00:00","2071"
"western cape","Public Health","2022/08/08 00:00:00","524"
"gauteng","Public Health","2021/10/10 00:00:00","3013"
"north west","Private Health","2022/04/30 00:00:00","134"
"free state","Public Health","2022/01/28 00:00:00","4573"
"western cape","Public Health","2022/12/05 00:00:00","567"
"north west","Private Health","2022/06/01 00:00:00","277"
"north west","Public Health","2022/10/16 00:00:00","164"
"mpumalanga","Public Health","2022/10/17 00:00:00","772"
"eastern cape","Private Health","2021/04/08 00:00:00","68"
"gauteng","Public Health","2022/03/01 00:00:00","19731"
"north west","Public Health","2022/07/01 00:00:00","335"
"gauteng","Private Health","2021/06/12 00:00:00","279"
"free state","Public Health","2021/09/17 00:00:00","10760"
"mpumalanga","Public Health","2022/12/12 00:00:00","301"
"eastern cape","Public Health","2021/10/26 00:00:00","21133"
"north west","Public Health","2022/02/21 00:00:00","3390"
"mpumalanga","Private Health","2022/01/11 00:00:00","1384"
"northern cape","Private Health","2021/08/09 00:00:00","6"
"western cape","Private Health","2022/10/03 00:00:00","60"
"northern cape","Public Health","2021/10/14 00:00:00","3992"
"free state","Private Health","2021/11/25 00:00:00","1762"
"gauteng","Public Health","2022/06/16 00:00:00","565"
"eastern cape","Private Health","2021/07/10 00:00:00","246"
"north west","Public Health","2021/09/26 00:00:00","683"
"free state","Private Health","2022/05/17 00:00:00","631"
"eastern cape","Private Health","2021/06/29 00:00:00","1336"
"limpopo","Private Health","2021/06/03 00:00:00","476"
"eastern cape","Public Health","2022/10/09 00:00:00","1"
"gauteng","Private Health","2021/11/05 00:00:00","19054"
"northern cape","Public Health","2022/12/02 00:00:00","146"
"north west","Private Health","2021/12/20 00:00:00","1499"
"northern cape","Public Health","2022/10/13 00:00:00","160"
"northern cape","Private Health","2021/03/08 00:00:00","60"
"mpumalanga","Private Health","2021/09/15 00:00:00","4405"
"mpumalanga","Private Health","2021/08/01 00:00:00","22"
"kwazulu-natal","Private Health","2022/07/08 00:00:00","335"
"limpopo","Private Health","2022/05/28 00:00:00","183"
"free state","Public Health","2021/09/14 00:00:00","11900"
"kwazulu-natal","Public Health","2022/06/02 00:00:00","7128"
"mpumalanga","Private Health","2021/10/08 00:00:00","3492"
"gauteng","Public Health","2021/09/30 00:00:00","21106"
"kwazulu-natal","Public Health","2022/02/10 00:00:00","10642"
"eastern cape","Public Health","2021/06/30 00:00:00","20037"
"limpopo","Private Health","2022/12/02 00:00:00","54"
"western cape","Private Health","2021/10/13 00:00:00","11129"
"mpumalanga","Private Health","2022/04/09 00:00:00","152"
"eastern cape","Private Health","2022/09/14 00:00:00","25"
"free state","Public Health","2022/05/12 00:00:00","3410"
"kwazulu-natal","Public Health","2021/10/31 00:00:00","5285"
"free state","Public Health","2021/02/26 00:00:00","552"
"limpopo","Public Health","2022/10/22 00:00:00","251"
"free state","Public Health","2022/05/27 00:00:00","2901"
"mpumalanga","Public Health","2021/12/25 00:00:00","8"
"eastern cape","Public Health","2022/09/30 00:00:00","996"
"limpopo","Public Health","2021/05/18 00:00:00","3214"
"kwazulu-natal","Public Health","2022/01/11 00:00:00","13167"
"mpumalanga","Public Health","2021/09/10 00:00:00","11350"
"mpumalanga","Public Health","2022/10/25 00:00:00","918"
"northern cape","Private Health","2021/08/14 00:00:00","7"
"limpopo","Public Health","2021/10/23 00:00:00","1403"
"north west","Private Health","2022/08/22 00:00:00","44"
"kwazulu-natal","Private Health","2021/10/10 00:00:00","1697"
"kwazulu-natal","Private Health","2022/08/07 00:00:00","4"
"kwazulu-natal","Public Health","2022/02/13 00:00:00","948"
"north west","Private Health","2022/02/02 00:00:00","782"
"north west","Public Health","2022/08/11 00:00:00","229"
"eastern cape","Private Health","2021/03/16 00:00:00","359"
"western cape","Private Health","2022/10/28 00:00:00","23"
"kwazulu-natal","Public Health","2022/09/19 00:00:00","851"
"gauteng","Public Health","2022/06/24 00:00:00","2417"
"free state","Private Health","2022/03/13 00:00:00","4"
"kwazulu-natal","Private Health","2021/09/09 00:00:00","8005"
"mpumalanga","Public Health","2022/11/02 00:00:00","767"
"eastern cape","Private Health","2022/09/02 00:00:00","45"
"mpumalanga","Private Health","2022/07/16 00:00:00","64"
"northern cape","Public Health","2022/06/28 00:00:00","780"
"limpopo","Public Health","2022/04/19 00:00:00","4016"
"western cape","Private Health","2022/07/09 00:00:00","182"
"eastern cape","Public Health","2022/04/20 00:00:00","7478"
"mpumalanga","Public Health","2021/11/08 00:00:00","6022"
"northern cape","Private Health","2021/11/24 00:00:00","714"
"mpumalanga","Private Health","2022/04/26 00:00:00","506"
"north west","Private Health","2022/10/10 00:00:00","25"
"eastern cape","Private Health","2022/01/22 00:00:00","560"
"northern cape","Private Health","2022/07/29 00:00:00","32"
"mpumalanga","Private Health","2022/03/06 00:00:00","1"
"limpopo","Public Health","2022/11/10 00:00:00","1302"
"mpumalanga","Private Health","2022/02/24 00:00:00","1164"
"kwazulu-natal","Private Health","2022/04/27 00:00:00","524"
"limpopo","Private Health","2021/10/25 00:00:00","3958"
"north west","Private Health","2022/08/15 00:00:00","35"
"western cape","","2022/10/14 00:00:00","1"
"north west","Public Health","2022/10/27 00:00:00","443"
"northern cape","Private Health","2022/03/21 00:00:00","13"
"mpumalanga","Private Health","2021/08/29 00:00:00","54"
"kwazulu-natal","Public Health","2021/10/11 00:00:00","18694"
"mpumalanga","Private Health","2022/10/17 00:00:00","1"
"north west","Private Health","2021/09/13 00:00:00","4693"
"western cape","Public Health","2021/09/15 00:00:00","29565"
"gauteng","Public Health","2021/08/30 00:00:00","40998"
"north west","Public Health","2021/02/25 00:00:00","1142"
"north west","Private Health","2021/09/02 00:00:00","4088"
"eastern cape","Private Health","2021/10/24 00:00:00","158"
"northern cape","Private Health","2021/03/10 00:00:00","82"
"free state","Private Health","2021/06/24 00:00:00","266"
"mpumalanga","Private Health","2022/07/26 00:00:00","226"
"free state","Public Health","2022/07/30 00:00:00","6"
"north west","Public Health","2021/05/07 00:00:00","562"
"north west","Public Health","2021/02/23 00:00:00","930"
"kwazulu-natal","Private Health","2022/08/01 00:00:00","154"
"eastern cape","Private Health","2022/04/18 00:00:00","42"
"western cape","Public Health","2021/11/30 00:00:00","16364"
"limpopo","Public Health","2022/12/06 00:00:00","709"
"north west","Private Health","2022/12/02 00:00:00","13"
"eastern cape","Public Health","2022/11/08 00:00:00","1908"
"northern cape","Public Health","2021/08/04 00:00:00","4029"
"western cape","Public Health","2022/10/24 00:00:00","459"
"western cape","Public Health","2022/01/15 00:00:00","919"
"eastern cape","Public Health","2021/05/11 00:00:00","2250"
"free state","Private Health","2022/01/27 00:00:00","751"
"kwazulu-natal","Private Health","2022/05/07 00:00:00","1027"
"free state","Private Health","2022/09/20 00:00:00","60"
"limpopo","Public Health","2021/12/23 00:00:00","3575"
"northern cape","Public Health","2022/07/17 00:00:00","27"
"north west","Private Health","2022/10/13 00:00:00","29"
"northern cape","Private Health","2022/10/17 00:00:00","12"
"northern cape","Public Health","2021/05/18 00:00:00","308"
"gauteng","Public Health","2022/03/19 00:00:00","2404"
"north west","Private Health","2021/10/03 00:00:00","185"
"northern cape","Public Health","2021/10/02 00:00:00","2894"
"north west","Public Health","2021/05/05 00:00:00","372"
"gauteng","Private Health","2021/06/06 00:00:00","44"
"north west","Public Health","2021/05/24 00:00:00","3191"
"western cape","Public Health","2022/09/13 00:00:00","570"
"gauteng","Public Health","2021/12/12 00:00:00","2413"
"limpopo","Public Health","2021/10/04 00:00:00","13751"
"kwazulu-natal","Public Health","2022/08/29 00:00:00","1235"
"gauteng","Public Health","2022/04/12 00:00:00","9104"
"eastern cape","Public Health","2021/12/25 00:00:00","45"
"north west","Public Health","2022/03/04 00:00:00","4158"
"western cape","Private Health","2022/01/03 00:00:00","2892"
"western cape","Public Health","2022/02/12 00:00:00","554"
"limpopo","Private Health","2022/06/02 00:00:00","443"
"mpumalanga","Public Health","2022/02/17 00:00:00","3744"
"mpumalanga","Public Health","2021/04/07 00:00:00","436"
"limpopo","Public Health","2022/07/23 00:00:00","46"
"northern cape","Private Health","2022/11/29 00:00:00","2"
"kwazulu-natal","Public Health","2022/07/26 00:00:00","2837"
"north west","Public Health","2021/06/11 00:00:00","3301"
"northern cape","Private Health","2021/07/05 00:00:00","315"
"western cape","Private Health","2021/10/17 00:00:00","548"
"eastern cape","Private Health","2022/07/24 00:00:00","10"
"north west","Public Health","2021/10/07 00:00:00","11005"
"north west","Private Health","2022/05/05 00:00:00","737"
"limpopo","Public Health","2021/11/15 00:00:00","9788"
"kwazulu-natal","Private Health","2022/04/01 00:00:00","2601"
"kwazulu-natal","Private Health","2021/05/21 00:00:00","243"
"kwazulu-natal","Public Health","2021/02/18 00:00:00","381"
"northern cape","Private Health","2022/05/11 00:00:00","207"
"eastern cape","Public Health","2021/08/21 00:00:00","1725"
"northern cape","Public Health","2022/10/18 00:00:00","303"
"kwazulu-natal","Public Health","2021/03/30 00:00:00","1160"
"kwazulu-natal","Public Health","2021/07/10 00:00:00","3006"
"northern cape","Public Health","2021/07/24 00:00:00","1446"
"north west","Public Health","2022/01/15 00:00:00","1334"
"kwazulu-natal","Public Health","2022/04/02 00:00:00","1025"
"eastern cape","Public Health","2021/07/20 00:00:00","33333"
"free state","Private Health","2021/09/15 00:00:00","3237"
"mpumalanga","Public Health","2022/12/03 00:00:00","19"
"north west","Public Health","2022/01/11 00:00:00","4057"
"mpumalanga","Private Health","2021/03/02 00:00:00","122"
"western cape","Public Health","2022/09/28 00:00:00","525"
"free state","Private Health","2021/06/22 00:00:00","90"
"north west","Private Health","2021/09/11 00:00:00","926"
"northern cape","Private Health","2021/11/29 00:00:00","924"
"mpumalanga","Private Health","2021/12/09 00:00:00","1778"
"gauteng","Public Health","2022/10/13 00:00:00","1174"
"north west","Public Health","2022/02/15 00:00:00","4019"
"western cape","Private Health","2022/08/13 00:00:00","104"
"kwazulu-natal","Public Health","2021/02/22 00:00:00","1062"
"gauteng","Public Health","2021/02/23 00:00:00","2069"
"eastern cape","Public Health","2022/03/03 00:00:00","8838"
"free state","Public Health","2021/07/17 00:00:00","1258"
"northern cape","Public Health","2022/03/02 00:00:00","1174"
"western cape","Private Health","2021/09/25 00:00:00","2055"
"gauteng","Private Health","2022/11/21 00:00:00","200"
"free state","Public Health","2022/12/09 00:00:00","129"
"eastern cape","Public Health","2022/11/05 00:00:00","5"
"north west","Public Health","2021/11/19 00:00:00","5885"
"kwazulu-natal","Private Health","2021/05/17 00:00:00","105"
"eastern cape","Private Health","2022/11/14 00:00:00","7"
"limpopo","Private Health","2021/09/15 00:00:00","5724"
"limpopo","Private Health","2021/10/21 00:00:00","4251"
"north west","Public Health","2021/12/07 00:00:00","7427"
"northern cape","Public Health","2021/09/10 00:00:00","3324"
"limpopo","Public Health","2021/09/08 00:00:00","16984"
"kwazulu-natal","Public Health","2021/06/23 00:00:00","28746"
"kwazulu-natal","Public Health","2022/04/21 00:00:00","8646"
"eastern cape","Public Health","2022/10/15 00:00:00","9"
"northern cape","Private Health","2022/07/06 00:00:00","43"
"northern cape","Public Health","2021/07/01 00:00:00","2055"
"gauteng","Public Health","2021/12/16 00:00:00","1596"
"eastern cape","Private Health","2022/02/11 00:00:00","1288"
"kwazulu-natal","Public Health","2022/09/25 00:00:00","49"
"western cape","Private Health","2022/07/26 00:00:00","272"
"western cape","Public Health","2022/11/05 00:00:00","51"
"eastern cape","Public Health","2021/11/05 00:00:00","11459"
"northern cape","Public Health","2022/05/28 00:00:00","2"
"western cape","Public Health","2021/12/27 00:00:00","15"
"kwazulu-natal","Public Health","2022/11/17 00:00:00","856"
"limpopo","Public Health","2021/08/25 00:00:00","26603"
"kwazulu-natal","Public Health","2021/04/24 00:00:00","58"
"northern cape","Private Health","2022/03/20 00:00:00","15"
"northern cape","Public Health","2022/10/24 00:00:00","233"
"mpumalanga","Public Health","2022/06/07 00:00:00","3050"
"western cape","Private Health","2022/06/23 00:00:00","786"
"northern cape","Public Health","2022/11/22 00:00:00","216"
"mpumalanga","Private Health","2022/06/01 00:00:00","268"
"north west","Private Health","2022/09/21 00:00:00","41"
"limpopo","Private Health","2021/11/09 00:00:00","2380"
"eastern cape","Private Health","2022/02/05 00:00:00","399"
"mpumalanga","Private Health","2021/09/08 00:00:00","3428"
"gauteng","Private Health","2022/07/19 00:00:00","972"
"north west","Private Health","2021/10/30 00:00:00","629"
"north west","Private Health","2022/08/19 00:00:00","62"
"western cape","Public Health","2021/06/03 00:00:00","13033"
"gauteng","Private Health","2021/11/12 00:00:00","23495"
"gauteng","Private Health","2021/08/18 00:00:00","23429"
"limpopo","Private Health","2022/08/20 00:00:00","26"
"northern cape","Public Health","2021/11/13 00:00:00","2625"
"limpopo","Public Health","2022/05/21 00:00:00","121"
"kwazulu-natal","Private Health","2021/11/27 00:00:00","2699"
"eastern cape","Private Health","2021/04/29 00:00:00","203"
"mpumalanga","Private Health","2022/04/03 00:00:00","4"
"north west","Private Health","2022/11/23 00:00:00","26"
"kwazulu-natal","Public Health","2022/11/22 00:00:00","704"
"kwazulu-natal","Public Health","2022/07/05 00:00:00","2499"
"free state","Public Health","2021/08/01 00:00:00","688"
"western cape","Private Health","2022/06/28 00:00:00","644"
"gauteng","Private Health","2021/02/17 00:00:00","32"
"kwazulu-natal","Private Health","2022/10/12 00:00:00","29"
"free state","Public Health","2022/02/03 00:00:00","3751"
"gauteng","Public Health","2022/01/30 00:00:00","1090"
"northern cape","Public Health","2021/08/20 00:00:00","4716"
"north west","Private Health","2021/06/29 00:00:00","401"
"north west","Private Health","2021/11/16 00:00:00","2189"
"mpumalanga","Public Health","2022/06/12 00:00:00","40"
"northern cape","Private Health","2022/03/27 00:00:00","125"
"limpopo","Public Health","2022/08/31 00:00:00","1258"
"eastern cape","Public Health","2021/07/22 00:00:00","26583"
"western cape","Public Health","2021/07/02 00:00:00","15119"
"north west","Private Health","2022/09/26 00:00:00","39"
"gauteng","Private Health","2022/08/08 00:00:00","781"
"free state","Private Health","2021/07/23 00:00:00","2195"
"gauteng","Public Health","2022/12/05 00:00:00","948"
"kwazulu-natal","Public Health","2022/01/13 00:00:00","12554"
"north west","Public Health","2021/07/24 00:00:00","3116"
"free state","Private Health","2022/05/11 00:00:00","434"
"eastern cape","Public Health","2021/05/10 00:00:00","2056"
"western cape","Public Health","2021/11/26 00:00:00","13035"
"eastern cape","Private Health","2021/03/30 00:00:00","355"
"western cape","Private Health","2022/06/25 00:00:00","286"
"gauteng","Public Health","2021/12/31 00:00:00","3493"
"kwazulu-natal","Private Health","2021/05/26 00:00:00","965"
"mpumalanga","Private Health","2022/11/11 00:00:00","9"
"western cape","Private Health","2022/04/08 00:00:00","3429"
"north west","Public Health","2022/05/04 00:00:00","2694"
"northern cape","Private Health","2022/01/30 00:00:00","12"
"kwazulu-natal","Private Health","2022/12/05 00:00:00","30"
"eastern cape","Public Health","2022/11/16 00:00:00","2051"
"north west","Public Health","2021/10/13 00:00:00","9542"
"northern cape","Private Health","2021/07/09 00:00:00","407"
"free state","Public Health","2021/06/17 00:00:00","5021"
"north west","Private Health","2022/01/26 00:00:00","1195"
"limpopo","Public Health","2021/08/15 00:00:00","1"
"kwazulu-natal","Private Health","2022/03/06 00:00:00","431"
"limpopo","Public Health","2021/04/03 00:00:00","2"
"north west","Private Health","2021/11/12 00:00:00","2483"
"western cape","Public Health","2022/06/26 00:00:00","11"
"western cape","Public Health","2021/12/14 00:00:00","9754"
"free state","Public Health","2021/05/30 00:00:00","198"
"free state","Private Health","2022/11/19 00:00:00","1"
"eastern cape","Private Health","2021/08/11 00:00:00","3957"
"free state","Private Health","2022/11/04 00:00:00","39"
"eastern cape","Public Health","2021/06/14 00:00:00","11217"
"north west","Public Health","2021/06/06 00:00:00","119"
"mpumalanga","Private Health","2021/12/10 00:00:00","1725"
"free state","Private Health","2021/08/01 00:00:00","3"
"free state","Public Health","2021/08/23 00:00:00","10481"
"gauteng","Private Health","2022/05/21 00:00:00","1796"
"north west","Public Health","2021/07/03 00:00:00","1407"
"free state","Private Health","2021/07/29 00:00:00","2063"
"mpumalanga","Private Health","2022/03/15 00:00:00","759"
"north west","Public Health","2022/02/27 00:00:00","1740"
"western cape","Public Health","2022/11/11 00:00:00","653"
"gauteng","Private Health","2022/10/25 00:00:00","239"
"gauteng","Public Health","2022/07/13 00:00:00","1892"
"kwazulu-natal","Public Health","2022/03/01 00:00:00","14533"
"northern cape","Private Health","2022/05/21 00:00:00","41"
"gauteng","Private Health","2022/11/14 00:00:00","303"
"north west","Private Health","2022/10/06 00:00:00","44"
"kwazulu-natal","Private Health","2021/10/22 00:00:00","8943"
"western cape","Private Health","2022/08/18 00:00:00","161"
"kwazulu-natal","Private Health","2022/04/29 00:00:00","1563"
"free state","Private Health","2022/06/15 00:00:00","264"
"free state","Private Health","2021/09/04 00:00:00","325"
"north west","Public Health","2022/03/20 00:00:00","1542"
"northern cape","Public Health","2022/04/11 00:00:00","488"
"north west","Public Health","2021/05/17 00:00:00","699"
"gauteng","Private Health","2022/01/04 00:00:00","10068"
"mpumalanga","Private Health","2022/10/13 00:00:00","2"
"western cape","Public Health","2021/08/26 00:00:00","35037"
"limpopo","Public Health","2021/08/04 00:00:00","18268"
"limpopo","Public Health","2022/08/25 00:00:00","1508"
"western cape","Public Health","2021/07/26 00:00:00","22860"
"north west","Private Health","2021/10/31 00:00:00","64"
"northern cape","Public Health","2022/09/23 00:00:00","124"
"western cape","Public Health","2021/10/11 00:00:00","18969"
"gauteng","Public Health","2021/07/10 00:00:00","537"
"kwazulu-natal","Private Health","2021/06/14 00:00:00","1373"
"gauteng","Private Health","2022/12/07 00:00:00","243"
"northern cape","Public Health","2021/11/24 00:00:00","2626"
"limpopo","Public Health","2021/12/21 00:00:00","5841"
"northern cape","Public Health","2021/06/12 00:00:00","4"
"gauteng","Private Health","2021/09/12 00:00:00","2885"
"mpumalanga","Public Health","2022/07/17 00:00:00","16"
"limpopo","Public Health","2021/09/25 00:00:00","818"
"northern cape","Public Health","2021/05/12 00:00:00","486"
"limpopo","Public Health","2021/06/17 00:00:00","17242"
"gauteng","Private Health","2022/10/29 00:00:00","119"
"north west","Public Health","2022/01/17 00:00:00","3326"
"northern cape","Private Health","2021/05/07 00:00:00","66"
"western cape","Public Health","2022/09/01 00:00:00","735"
"northern cape","Private Health","2021/07/13 00:00:00","335"
"limpopo","Public Health","2022/03/29 00:00:00","7521"
"free state","Private Health","2022/01/22 00:00:00","219"
"western cape","Private Health","2021/09/22 00:00:00","11137"
"kwazulu-natal","Private Health","2022/06/06 00:00:00","606"
"kwazulu-natal","Public Health","2022/11/01 00:00:00","658"
"mpumalanga","Public Health","2021/05/31 00:00:00","3224"
"limpopo","Public Health","2021/09/30 00:00:00","12627"
"eastern cape","Private Health","2022/11/12 00:00:00","4"
"limpopo","Private Health","2022/06/27 00:00:00","246"
"mpumalanga","Public Health","2022/05/11 00:00:00","4342"
"mpumalanga","Public Health","2022/03/30 00:00:00","5061"
"eastern cape","Public Health","2022/11/28 00:00:00","1602"
"northern cape","Public Health","2022/09/29 00:00:00","198"
"eastern cape","Public Health","2022/07/28 00:00:00","1788"
"limpopo","Private Health","2022/06/08 00:00:00","354"
"mpumalanga","Public Health","2021/10/23 00:00:00","3495"
"eastern cape","Private Health","2021/10/19 00:00:00","3013"
"kwazulu-natal","Private Health","2022/07/18 00:00:00","314"
"northern cape","Private Health","2021/10/02 00:00:00","502"
"northern cape","Public Health","2022/02/10 00:00:00","521"
"gauteng","Private Health","2022/06/24 00:00:00","2447"
"limpopo","Public Health","2021/10/16 00:00:00","984"
"gauteng","Private Health","2021/05/11 00:00:00","3788"
"eastern cape","Private Health","2021/05/29 00:00:00","146"
"eastern cape","Public Health","2021/06/18 00:00:00","8841"
"mpumalanga","Private Health","2021/06/14 00:00:00","360"
"limpopo","Private Health","2022/11/01 00:00:00","30"
"western cape","Private Health","2022/07/06 00:00:00","543"
"kwazulu-natal","Public Health","2022/05/28 00:00:00","868"
"gauteng","Public Health","2022/03/26 00:00:00","2687"
"eastern cape","Private Health","2021/06/21 00:00:00","1255"
"free state","Public Health","2022/09/14 00:00:00","502"
"kwazulu-natal","Public Health","2021/06/12 00:00:00","1829"
"kwazulu-natal","Public Health","2022/04/01 00:00:00","6705"
"limpopo","Public Health","2022/06/07 00:00:00","5384"
"mpumalanga","Public Health","2022/09/28 00:00:00","492"
"western cape","Public Health","2022/04/18 00:00:00","19"
"north west","Private Health","2022/06/28 00:00:00","173"
"eastern cape","Public Health","2022/03/25 00:00:00","4689"
"mpumalanga","Private Health","2021/09/23 00:00:00","3426"
"limpopo","Private Health","2021/05/28 00:00:00","642"
"gauteng","Private Health","2022/09/10 00:00:00","174"
"eastern cape","Public Health","2021/06/07 00:00:00","7102"
"eastern cape","Private Health","2022/10/19 00:00:00","27"
"free state","Private Health","2022/10/20 00:00:00","41"
"gauteng","Private Health","2022/09/25 00:00:00","12"
"gauteng","Public Health","2022/09/09 00:00:00","1030"
"northern cape","Private Health","2021/07/19 00:00:00","900"
"gauteng","Private Health","2021/08/28 00:00:00","11337"
"western cape","Public Health","2022/04/30 00:00:00","191"
"limpopo","Public Health","2021/11/01 00:00:00","5193"
"kwazulu-natal","Public Health","2022/07/19 00:00:00","2613"
"kwazulu-natal","Private Health","2022/07/02 00:00:00","200"
"kwazulu-natal","Public Health","2022/09/01 00:00:00","1063"
"limpopo","Public Health","2022/10/21 00:00:00","1046"
"eastern cape","Private Health","2021/10/23 00:00:00","1340"
"limpopo","Public Health","2021/06/15 00:00:00","17021"
"mpumalanga","Private Health","2022/05/02 00:00:00","41"
"mpumalanga","Private Health","2022/01/25 00:00:00","1002"
"gauteng","Public Health","2021/08/08 00:00:00","1356"
"gauteng","Private Health","2021/12/29 00:00:00","8132"
"limpopo","Private Health","2022/05/14 00:00:00","270"
"kwazulu-natal","Private Health","2022/01/16 00:00:00","535"
"western cape","Public Health","2021/09/19 00:00:00","924"
"mpumalanga","Public Health","2022/09/15 00:00:00","744"
"western cape","Private Health","2022/04/03 00:00:00","55"
"free state","Public Health","2022/06/19 00:00:00","1"
"gauteng","Private Health","2022/08/28 00:00:00","12"
"limpopo","Public Health","2022/03/14 00:00:00","6793"
"kwazulu-natal","Public Health","2021/09/24 00:00:00","3653"
"north west","Private Health","2022/01/19 00:00:00","1148"
"eastern cape","Public Health","2022/05/15 00:00:00","234"
"northern cape","Public Health","2022/06/20 00:00:00","473"
"kwazulu-natal","Public Health","2022/11/16 00:00:00","823"
"eastern cape","Private Health","2022/07/05 00:00:00","177"
"kwazulu-natal","Public Health","2021/06/19 00:00:00","1703"
"eastern cape","Private Health","2021/10/20 00:00:00","3580"
"eastern cape","Public Health","2022/10/24 00:00:00","2223"
"free state","Public Health","2022/03/15 00:00:00","5406"
"north west","Public Health","2022/05/05 00:00:00","2938"
"north west","Private Health","2021/08/26 00:00:00","4391"
"eastern cape","Private Health","2021/08/26 00:00:00","6347"
"limpopo","Public Health","2021/06/10 00:00:00","14096"
"northern cape","Private Health","2022/07/28 00:00:00","21"
"north west","Public Health","2021/10/23 00:00:00","8328"
"mpumalanga","Public Health","2021/10/13 00:00:00","11609"
"mpumalanga","Public Health","2022/09/22 00:00:00","495"
"eastern cape","Public Health","2022/07/05 00:00:00","2010"
"limpopo","Public Health","2022/02/23 00:00:00","7532"
"north west","Public Health","2022/05/06 00:00:00","2077"
"eastern cape","Public Health","2022/03/17 00:00:00","9718"
"free state","Public Health","2021/02/23 00:00:00","781"
"mpumalanga","Public Health","2021/05/03 00:00:00","142"
"free state","Public Health","2022/03/31 00:00:00","4922"
"free state","Private Health","2022/03/30 00:00:00","1136"
"kwazulu-natal","Public Health","2021/12/08 00:00:00","13324"
"kwazulu-natal","Public Health","2021/08/30 00:00:00","26677"
"mpumalanga","Public Health","2021/08/28 00:00:00","3245"
"kwazulu-natal","Private Health","2022/11/12 00:00:00","3"
"mpumalanga","Private Health","2021/12/30 00:00:00","825"
"mpumalanga","Public Health","2022/04/01 00:00:00","3967"
"kwazulu-natal","Private Health","2022/07/15 00:00:00","295"
"western cape","Public Health","2021/05/16 00:00:00","1"
"kwazulu-natal","Private Health","2022/10/25 00:00:00","13"
"north west","Public Health","2021/06/15 00:00:00","3848"
"north west","Public Health","2021/10/17 00:00:00","3127"
"western cape","Private Health","2021/11/20 00:00:00","2393"
"gauteng","Public Health","2021/03/30 00:00:00","1143"
"northern cape","Private Health","2021/11/28 00:00:00","105"
"western cape","Public Health","2021/04/06 00:00:00","390"
"northern cape","Public Health","2021/08/02 00:00:00","4050"
"northern cape","Private Health","2022/04/04 00:00:00","309"
"gauteng","Public Health","2022/03/15 00:00:00","15210"
"north west","Public Health","2021/03/09 00:00:00","369"
"gauteng","Private Health","2021/09/08 00:00:00","33426"
"mpumalanga","","2022/10/07 00:00:00","14"
"northern cape","Public Health","2022/09/30 00:00:00","71"
"free state","Private Health","2021/11/22 00:00:00","1597"
"free state","Private Health","2022/05/23 00:00:00","485"
"north west","Private Health","2022/10/24 00:00:00","37"
"gauteng","Public Health","2021/08/29 00:00:00","3526"
"limpopo","Public Health","2021/09/01 00:00:00","20107"
"gauteng","Private Health","2022/11/27 00:00:00","1"
"north west","Public Health","2021/12/09 00:00:00","6043"
"limpopo","Private Health","2022/07/02 00:00:00","78"
"free state","Private Health","2021/06/04 00:00:00","106"
"gauteng","Public Health","2022/03/22 00:00:00","12776"
"gauteng","Public Health","2021/03/29 00:00:00","1331"
"gauteng","Private Health","2022/01/18 00:00:00","12035"
"northern cape","Public Health","2021/10/07 00:00:00","3730"
"north west","Public Health","2021/11/03 00:00:00","6789"
"north west","Public Health","2022/07/20 00:00:00","618"
"mpumalanga","Private Health","2021/04/29 00:00:00","53"
"north west","Private Health","2022/06/03 00:00:00","325"
"western cape","Private Health","2021/10/29 00:00:00","11917"
"limpopo","Private Health","2022/06/09 00:00:00","474"
"mpumalanga","Public Health","2022/07/24 00:00:00","18"
"kwazulu-natal","Private Health","2021/05/18 00:00:00","150"
"western cape","Private Health","2022/05/07 00:00:00","864"
"limpopo","Public Health","2022/09/05 00:00:00","874"
"western cape","Public Health","2021/08/02 00:00:00","20122"
"kwazulu-natal","Public Health","2022/06/09 00:00:00","6949"
"western cape","Private Health","2021/06/18 00:00:00","4009"
"western cape","Private Health","2021/07/13 00:00:00","7631"
"north west","Private Health","2021/09/21 00:00:00","4780"
"kwazulu-natal","Private Health","2022/09/29 00:00:00","45"
"limpopo","Public Health","2022/06/01 00:00:00","5974"
"gauteng","Private Health","2021/12/19 00:00:00","788"
"north west","Private Health","2021/05/28 00:00:00","380"
"mpumalanga","Private Health","2022/06/03 00:00:00","272"
"eastern cape","Private Health","2021/08/01 00:00:00","3"
"north west","Public Health","2021/08/16 00:00:00","5085"
"gauteng","Private Health","2022/01/13 00:00:00","11760"
"gauteng","Private Health","2021/10/12 00:00:00","27292"
"limpopo","Public Health","2022/04/15 00:00:00","124"
"mpumalanga","Public Health","2022/04/12 00:00:00","5991"
"western cape","Public Health","2022/05/15 00:00:00","50"
"mpumalanga","Public Health","2022/01/19 00:00:00","3394"
"kwazulu-natal","Private Health","2022/02/19 00:00:00","1530"
"northern cape","Private Health","2021/11/30 00:00:00","1042"
"kwazulu-natal","Private Health","2021/10/08 00:00:00","11298"
"gauteng","Public Health","2021/05/21 00:00:00","9226"
"western cape","Private Health","2021/05/08 00:00:00","629"
"northern cape","Public Health","2022/08/22 00:00:00","152"
"north west","Private Health","2022/07/23 00:00:00","37"
"gauteng","Private Health","2022/02/08 00:00:00","8184"
"gauteng","Public Health","2021/12/19 00:00:00","1348"
"western cape","Private Health","2022/05/15 00:00:00","37"
"eastern cape","Private Health","2022/10/08 00:00:00","16"
"free state","Public Health","2021/12/04 00:00:00","1247"
"kwazulu-natal","Public Health","2022/10/03 00:00:00","672"
"mpumalanga","Public Health","2022/06/16 00:00:00","531"
"limpopo","Private Health","2022/05/29 00:00:00","35"
"northern cape","Public Health","2021/12/08 00:00:00","2928"
"northern cape","Private Health","2022/04/14 00:00:00","214"
"mpumalanga","Private Health","2022/07/21 00:00:00","175"
"north west","Private Health","2021/08/22 00:00:00","112"
"northern cape","Public Health","2021/10/19 00:00:00","4248"
"northern cape","Public Health","2021/09/25 00:00:00","166"
"western cape","Private Health","2021/08/01 00:00:00","1051"
"kwazulu-natal","Public Health","2022/01/28 00:00:00","9426"
"free state","Private Health","2022/01/29 00:00:00","389"
"western cape","Public Health","2022/02/02 00:00:00","5365"
"limpopo","Public Health","2021/07/14 00:00:00","21151"
"north west","Private Health","2022/07/16 00:00:00","23"
"gauteng","Private Health","2021/10/22 00:00:00","30891"
"mpumalanga","Public Health","2022/09/27 00:00:00","735"
"kwazulu-natal","Public Health","2022/05/05 00:00:00","8828"
"mpumalanga","Public Health","2022/03/06 00:00:00","198"
"northern cape","Private Health","2022/10/20 00:00:00","7"
"eastern cape","Public Health","2022/01/31 00:00:00","4737"
"western cape","Public Health","2022/07/07 00:00:00","1019"
"northern cape","Public Health","2022/12/06 00:00:00","170"
"gauteng","Private Health","2021/02/28 00:00:00","395"
"north west","Private Health","2022/11/18 00:00:00","28"
"free state","Private Health","2022/02/26 00:00:00","267"
"north west","Private Health","2021/11/20 00:00:00","438"
"kwazulu-natal","Public Health","2022/05/01 00:00:00","581"
"mpumalanga","Public Health","2021/11/11 00:00:00","7151"
"western cape","Public Health","2022/11/23 00:00:00","440"
"limpopo","Public Health","2022/01/24 00:00:00","6939"
"mpumalanga","Private Health","2021/07/30 00:00:00","2143"
"western cape","Private Health","2022/10/26 00:00:00","19"
"kwazulu-natal","Public Health","2022/01/10 00:00:00","12656"
"kwazulu-natal","Public Health","2022/11/05 00:00:00","43"
"limpopo","Private Health","2022/11/13 00:00:00","2"
"eastern cape","Public Health","2021/12/19 00:00:00","75"
"western cape","Public Health","2021/07/06 00:00:00","23126"
"gauteng","Public Health","2022/09/04 00:00:00","60"
"eastern cape","Private Health","2021/08/04 00:00:00","4421"
"gauteng","Private Health","2022/08/09 00:00:00","176"
"kwazulu-natal","Private Health","2021/11/28 00:00:00","626"
"north west","Public Health","2022/07/18 00:00:00","570"
"north west","Private Health","2022/02/07 00:00:00","800"
"eastern cape","Public Health","2022/03/11 00:00:00","7375"
"free state","Public Health","2021/10/30 00:00:00","1848"
"kwazulu-natal","Public Health","2022/02/22 00:00:00","13074"
"north west","Public Health","2022/02/16 00:00:00","4164"
"eastern cape","Private Health","2021/12/27 00:00:00","113"
"limpopo","Private Health","2022/12/07 00:00:00","1"
"eastern cape","Private Health","2021/11/22 00:00:00","2552"
"northern cape","Private Health","2021/06/22 00:00:00","130"
"mpumalanga","Private Health","2022/10/19 00:00:00","37"
"free state","Public Health","2022/06/12 00:00:00","1"
"north west","Public Health","2021/11/25 00:00:00","5632"
"eastern cape","Private Health","2021/11/10 00:00:00","2783"
"north west","Public Health","2021/09/29 00:00:00","9500"
"kwazulu-natal","Public Health","2022/06/18 00:00:00","664"
"eastern cape","Public Health","2021/10/24 00:00:00","1886"
"northern cape","Private Health","2021/08/05 00:00:00","609"
"northern cape","Private Health","2022/02/22 00:00:00","369"
"free state","Public Health","2021/03/08 00:00:00","270"
"kwazulu-natal","Public Health","2021/07/29 00:00:00","33387"
"northern cape","Public Health","2022/07/21 00:00:00","1105"
"limpopo","Public Health","2021/08/05 00:00:00","21195"
"mpumalanga","Private Health","2022/05/30 00:00:00","280"
"eastern cape","Public Health","2022/11/09 00:00:00","2099"
"mpumalanga","Private Health","2022/06/22 00:00:00","328"
"gauteng","Private Health","2021/08/08 00:00:00","2811"
"gauteng","Public Health","2022/12/01 00:00:00","1660"
"northern cape","Public Health","2022/07/16 00:00:00","17"
"gauteng","Public Health","2022/10/08 00:00:00","58"
"north west","Private Health","2022/01/06 00:00:00","1141"
"northern cape","Private Health","2021/08/16 00:00:00","534"
"limpopo","Public Health","2021/11/10 00:00:00","10595"
"mpumalanga","Private Health","2021/07/11 00:00:00","31"
"northern cape","Private Health","2021/03/13 00:00:00","9"
"eastern cape","Public Health","2021/08/19 00:00:00","24076"
"kwazulu-natal","Private Health","2021/08/15 00:00:00","569"
"mpumalanga","Private Health","2021/05/25 00:00:00","57"
"gauteng","Private Health","2022/02/22 00:00:00","8116"
"northern cape","Private Health","2022/07/26 00:00:00","17"
"limpopo","Private Health","2022/02/26 00:00:00","677"
"limpopo","Public Health","2021/12/19 00:00:00","29"
"north west","Public Health","2021/07/16 00:00:00","9510"
"limpopo","Public Health","2021/06/28 00:00:00","12036"
"free state","Private Health","2021/06/26 00:00:00","176"
"limpopo","Private Health","2022/08/27 00:00:00","66"
"western cape","Public Health","2022/07/08 00:00:00","816"
"limpopo","Public Health","2022/08/08 00:00:00","642"
"north west","Private Health","2021/09/30 00:00:00","3726"
"eastern cape","Private Health","2021/09/29 00:00:00","3193"
"northern cape","Private Health","2022/06/11 00:00:00","46"
"gauteng","Private Health","2022/04/21 00:00:00","5084"
"mpumalanga","Private Health","2022/08/02 00:00:00","139"
"free state","Private Health","2022/07/23 00:00:00","6"
"eastern cape","Public Health","2022/08/19 00:00:00","1515"
"eastern cape","Public Health","2021/08/29 00:00:00","2115"
"north west","Public Health","2021/11/04 00:00:00","6801"
"northern cape","Private Health","2022/08/26 00:00:00","3"
"free state","Private Health","2022/05/10 00:00:00","487"
"western cape","Public Health","2021/08/01 00:00:00","365"
"eastern cape","Private Health","2022/01/28 00:00:00","1793"
"eastern cape","Private Health","2021/11/07 00:00:00","30"
"western cape","Public Health","2021/07/16 00:00:00","24841"
"limpopo","Public Health","2022/07/25 00:00:00","1434"
"north west","Public Health","2022/09/15 00:00:00","279"
"free state","Private Health","2021/09/17 00:00:00","3152"
"northern cape","Private Health","2021/12/31 00:00:00","138"
"limpopo","Public Health","2021/03/16 00:00:00","776"
"northern cape","Public Health","2022/03/25 00:00:00","832"
"free state","Private Health","2021/11/26 00:00:00","1538"
"gauteng","Private Health","2022/05/08 00:00:00","205"
"western cape","Private Health","2021/09/09 00:00:00","14152"
"gauteng","Private Health","2021/12/01 00:00:00","20502"
"free state","Public Health","2021/05/29 00:00:00","229"
"eastern cape","Public Health","2022/10/26 00:00:00","770"
"mpumalanga","Private Health","2022/08/09 00:00:00","1"
"western cape","Private Health","2022/09/18 00:00:00","2"
"northern cape","Private Health","2022/09/15 00:00:00","7"
"kwazulu-natal","Public Health","2022/11/24 00:00:00","662"
"free state","Public Health","2021/10/27 00:00:00","13130"
"kwazulu-natal","Private Health","2022/02/18 00:00:00","2809"
"mpumalanga","Private Health","2022/02/04 00:00:00","788"
"western cape","Public Health","2021/08/08 00:00:00","214"
"gauteng","Public Health","2021/07/04 00:00:00","162"
"eastern cape","Private Health","2022/08/14 00:00:00","2"
"north west","Private Health","2022/03/01 00:00:00","1349"
"mpumalanga","Public Health","2021/03/15 00:00:00","40"
"northern cape","Private Health","2021/05/26 00:00:00","37"
"mpumalanga","Private Health","2022/06/30 00:00:00","235"
"mpumalanga","Private Health","2022/07/02 00:00:00","72"
"western cape","Public Health","2021/03/10 00:00:00","1074"
"eastern cape","Public Health","2022/11/25 00:00:00","1181"
"limpopo","Public Health","2022/01/19 00:00:00","7134"
"western cape","Public Health","2021/11/04 00:00:00","17686"
"kwazulu-natal","Private Health","2022/09/08 00:00:00","73"
"northern cape","Private Health","2021/10/07 00:00:00","1035"
"kwazulu-natal","Public Health","2021/12/18 00:00:00","2260"
"limpopo","Private Health","2021/10/20 00:00:00","3647"
"limpopo","Private Health","2022/01/16 00:00:00","18"
"north west","Public Health","2022/03/11 00:00:00","4802"
"gauteng","Private Health","2022/10/10 00:00:00","352"
"limpopo","Public Health","2021/03/17 00:00:00","768"
"mpumalanga","Private Health","2021/05/26 00:00:00","156"
"kwazulu-natal","Public Health","2021/10/30 00:00:00","6545"
"free state","Public Health","2022/08/14 00:00:00","1"
"limpopo","Private Health","2022/09/26 00:00:00","98"
"gauteng","Private Health","2021/12/08 00:00:00","17498"
"eastern cape","Private Health","2021/12/15 00:00:00","1841"
"kwazulu-natal","Public Health","2021/12/10 00:00:00","11459"
"eastern cape","Private Health","2021/09/04 00:00:00","466"
"gauteng","Public Health","2021/07/07 00:00:00","29051"
"eastern cape","Private Health","2022/02/22 00:00:00","1395"
"eastern cape","Private Health","2021/12/11 00:00:00","684"
"limpopo","Private Health","2021/09/04 00:00:00","493"
"northern cape","Public Health","2021/07/25 00:00:00","1230"
"gauteng","Private Health","2022/02/10 00:00:00","7542"
"north west","Public Health","2022/05/14 00:00:00","811"
"eastern cape","Public Health","2022/09/02 00:00:00","1648"
"gauteng","Private Health","2021/07/05 00:00:00","17367"
"western cape","Private Health","2022/08/01 00:00:00","272"
"free state","Private Health","2022/09/14 00:00:00","27"
"northern cape","Private Health","2021/10/03 00:00:00","310"
"north west","Public Health","2022/07/05 00:00:00","731"
"eastern cape","Private Health","2022/01/29 00:00:00","522"
"north west","Private Health","2022/01/17 00:00:00","1343"
"limpopo","Private Health","2022/06/01 00:00:00","662"
"north west","Public Health","2021/07/11 00:00:00","356"
"northern cape","Private Health","2022/08/18 00:00:00","10"
"western cape","Public Health","2021/10/09 00:00:00","3547"
"free state","Public Health","2021/09/10 00:00:00","10061"
"limpopo","Public Health","2022/09/08 00:00:00","975"
"gauteng","Private Health","2021/07/21 00:00:00","26296"
"north west","Public Health","2022/01/24 00:00:00","3643"
"north west","Private Health","2021/11/08 00:00:00","2006"
"limpopo","Private Health","2022/03/21 00:00:00","192"
"kwazulu-natal","Private Health","2021/10/06 00:00:00","8405"
"northern cape","Public Health","2021/07/31 00:00:00","1428"
"eastern cape","Public Health","2022/11/10 00:00:00","1969"
"north west","Public Health","2021/09/08 00:00:00","9831"
"mpumalanga","Private Health","2022/02/09 00:00:00","503"
"gauteng","Private Health","2021/09/24 00:00:00","2708"
"western cape","Private Health","2021/11/13 00:00:00","4421"
"kwazulu-natal","Private Health","2022/09/01 00:00:00","75"
"northern cape","Public Health","2022/09/08 00:00:00","157"
"western cape","Public Health","2021/06/11 00:00:00","11244"
"north west","Private Health","2022/03/06 00:00:00","53"
"kwazulu-natal","Private Health","2022/01/14 00:00:00","4302"
"western cape","Private Health","2021/07/16 00:00:00","12514"
"kwazulu-natal","Public Health","2022/06/04 00:00:00","881"
"limpopo","Private Health","2022/05/06 00:00:00","796"
"mpumalanga","Public Health","2022/11/14 00:00:00","554"
"kwazulu-natal","Public Health","2021/09/25 00:00:00","3541"
"gauteng","Public Health","2022/02/12 00:00:00","2384"
"northern cape","Public Health","2021/12/07 00:00:00","3033"
"gauteng","Public Health","2022/04/17 00:00:00","182"
"kwazulu-natal","Public Health","2022/05/30 00:00:00","7241"
"mpumalanga","Private Health","2021/08/17 00:00:00","2438"
"mpumalanga","Private Health","2022/04/18 00:00:00","6"
"gauteng","Public Health","2021/03/22 00:00:00","2"
"free state","Public Health","2022/09/28 00:00:00","441"
"north west","Private Health","2022/02/13 00:00:00","11"
"kwazulu-natal","Public Health","2022/07/01 00:00:00","1818"
"limpopo","Public Health","2021/08/29 00:00:00","134"
"western cape","Public Health","2021/06/23 00:00:00","7322"
"kwazulu-natal","Public Health","2022/11/06 00:00:00","26"
"free state","Private Health","2022/01/10 00:00:00","1413"
"limpopo","Private Health","2021/07/15 00:00:00","2214"
"gauteng","Public Health","2022/01/07 00:00:00","16409"
"free state","Public Health","2021/07/24 00:00:00","1147"
"north west","Public Health","2022/08/26 00:00:00","338"
"mpumalanga","Public Health","2022/08/09 00:00:00","44"
"northern cape","Private Health","2021/12/01 00:00:00","944"
"gauteng","Public Health","2022/03/10 00:00:00","17469"
"north west","Private Health","2022/06/17 00:00:00","302"
"kwazulu-natal","Public Health","2021/05/25 00:00:00","21218"
"north west","Public Health","2021/07/07 00:00:00","6880"
"kwazulu-natal","Private Health","2022/06/28 00:00:00","409"
"limpopo","Private Health","2022/05/05 00:00:00","1069"
"kwazulu-natal","Private Health","2022/10/13 00:00:00","35"
"gauteng","Public Health","2022/09/19 00:00:00","1117"
"western cape","Public Health","2022/12/12 00:00:00","452"
"free state","Public Health","2021/06/01 00:00:00","4747"
"eastern cape","Public Health","2022/03/29 00:00:00","7906"
"western cape","Public Health","2021/11/15 00:00:00","13844"
"northern cape","Private Health","2022/09/30 00:00:00","2"
"mpumalanga","Private Health","2021/12/17 00:00:00","1075"
"northern cape","Private Health","2022/03/18 00:00:00","448"
"gauteng","Public Health","2021/07/21 00:00:00","44795"
"eastern cape","Public Health","2022/03/13 00:00:00","82"
"kwazulu-natal","Public Health","2022/10/30 00:00:00","45"
"gauteng","Private Health","2022/01/29 00:00:00","5079"
"free state","Public Health","2022/04/27 00:00:00","101"
"gauteng","Private Health","2021/11/25 00:00:00","16700"
"mpumalanga","Public Health","2021/08/04 00:00:00","8334"
"western cape","Private Health","2021/11/24 00:00:00","6167"
"eastern cape","Private Health","2021/10/06 00:00:00","4189"
"northern cape","Public Health","2022/02/09 00:00:00","694"
"north west","Public Health","2022/05/10 00:00:00","3129"
"northern cape","Private Health","2022/05/02 00:00:00","24"
"gauteng","Public Health","2021/11/23 00:00:00","23777"
"free state","Private Health","2022/01/09 00:00:00","14"
"limpopo","Public Health","2022/06/04 00:00:00","515"
"mpumalanga","Private Health","2022/05/05 00:00:00","451"
"free state","Private Health","2022/02/24 00:00:00","956"
"western cape","Private Health","2022/05/13 00:00:00","2213"
"gauteng","Public Health","2022/01/08 00:00:00","3444"
"northern cape","Public Health","2021/09/18 00:00:00","853"
"eastern cape","Private Health","2021/12/14 00:00:00","1781"
"limpopo","Private Health","2021/08/03 00:00:00","2707"
"northern cape","Private Health","2022/09/08 00:00:00","7"
"limpopo","Public Health","2021/09/03 00:00:00","11055"
"gauteng","Public Health","2022/11/06 00:00:00","25"
"gauteng","Public Health","2022/02/01 00:00:00","13613"
"northern cape","Private Health","2021/12/26 00:00:00","13"
"northern cape","Private Health","2022/06/09 00:00:00","78"
"eastern cape","Public Health","2021/02/18 00:00:00","93"
"north west","Private Health","2022/01/30 00:00:00","4"
"eastern cape","Private Health","2021/09/26 00:00:00","130"
"limpopo","Private Health","2022/11/17 00:00:00","54"
"mpumalanga","Public Health","2021/11/17 00:00:00","5960"
"limpopo","Private Health","2021/12/19 00:00:00","57"
"free state","Private Health","2021/12/11 00:00:00","186"
"free state","Private Health","2022/02/28 00:00:00","1347"
"free state","Private Health","2021/05/24 00:00:00","1"
"north west","Public Health","2022/06/03 00:00:00","1432"
"limpopo","Public Health","2022/10/27 00:00:00","862"
"western cape","Private Health","2022/10/14 00:00:00","32"
"mpumalanga","Public Health","2021/05/11 00:00:00","336"
"north west","Private Health","2022/04/12 00:00:00","867"
"kwazulu-natal","Private Health","2022/06/13 00:00:00","588"
"limpopo","Public Health","2021/05/17 00:00:00","956"
"kwazulu-natal","Public Health","2022/01/16 00:00:00","1176"
"gauteng","Private Health","2022/09/05 00:00:00","546"
"gauteng","Public Health","2021/11/28 00:00:00","2055"
"eastern cape","Private Health","2022/08/17 00:00:00","60"
"limpopo","Public Health","2021/05/12 00:00:00","625"
"northern cape","Public Health","2021/07/20 00:00:00","4674"
"gauteng","Private Health","2021/09/23 00:00:00","28331"
"kwazulu-natal","Private Health","2022/04/22 00:00:00","1330"
"northern cape","Public Health","2022/08/11 00:00:00","231"
"free state","Public Health","2021/02/17 00:00:00","12"
"free state","Private Health","2022/08/11 00:00:00","50"
"free state","Public Health","2021/06/23 00:00:00","7546"
"northern cape","Public Health","2022/12/08 00:00:00","107"
"northern cape","Private Health","2022/02/12 00:00:00","64"
"free state","Private Health","2021/06/02 00:00:00","91"
"limpopo","Private Health","2022/01/24 00:00:00","1775"
"mpumalanga","Public Health","2021/03/24 00:00:00","609"
"eastern cape","Public Health","2021/05/09 00:00:00","1"
"kwazulu-natal","Public Health","2021/09/13 00:00:00","28226"
"limpopo","Public Health","2022/10/14 00:00:00","1102"
"kwazulu-natal","Public Health","2021/03/22 00:00:00","1"
"western cape","Private Health","2021/06/11 00:00:00","3093"
"free state","Public Health","2022/06/08 00:00:00","2451"
"mpumalanga","Public Health","2022/05/30 00:00:00","3777"
"mpumalanga","Public Health","2021/12/20 00:00:00","4531"
"limpopo","Public Health","2022/02/01 00:00:00","5757"
"limpopo","Public Health","2021/10/22 00:00:00","18847"
"western cape","Public Health","2021/12/18 00:00:00","441"
"northern cape","Private Health","2022/04/15 00:00:00","2"
"gauteng","Public Health","2022/06/09 00:00:00","5415"
"northern cape","Public Health","2022/07/07 00:00:00","681"
"northern cape","Private Health","2021/06/23 00:00:00","194"
"northern cape","Public Health","2022/05/02 00:00:00","56"
"limpopo","Private Health","2022/05/07 00:00:00","421"
"kwazulu-natal","Private Health","2021/06/21 00:00:00","1672"
"western cape","Public Health","2021/10/14 00:00:00","23826"
"free state","Public Health","2021/11/02 00:00:00","8416"
"western cape","Public Health","2021/10/12 00:00:00","21361"
"mpumalanga","Public Health","2022/01/24 00:00:00","3782"
"limpopo","Public Health","2022/03/09 00:00:00","6926"
"kwazulu-natal","Public Health","2022/03/29 00:00:00","9127"
"free state","Public Health","2021/05/21 00:00:00","1315"
"western cape","Public Health","2021/10/04 00:00:00","20946"
"limpopo","Private Health","2021/10/26 00:00:00","3836"
"north west","Private Health","2022/03/02 00:00:00","1290"
"kwazulu-natal","Public Health","2022/07/09 00:00:00","368"
"western cape","Private Health","2022/01/02 00:00:00","33"
"western cape","Private Health","2021/04/06 00:00:00","357"
"kwazulu-natal","Private Health","2021/05/05 00:00:00","1711"
"mpumalanga","Public Health","2021/10/30 00:00:00","3452"
"free state","Public Health","2022/07/11 00:00:00","839"
"kwazulu-natal","Public Health","2022/11/23 00:00:00","702"
"northern cape","Public Health","2022/11/18 00:00:00","252"
"mpumalanga","Public Health","2022/02/24 00:00:00","4261"
"free state","Private Health","2021/07/22 00:00:00","2036"
"western cape","Private Health","2021/10/19 00:00:00","8709"
"free state","Public Health","2022/03/08 00:00:00","6524"
"gauteng","Private Health","2021/04/28 00:00:00","2"
"free state","Private Health","2022/02/17 00:00:00","1097"
"eastern cape","Public Health","2021/03/02 00:00:00","250"
"mpumalanga","Public Health","2021/09/06 00:00:00","13027"
"eastern cape","Public Health","2022/09/07 00:00:00","2272"
"north west","Public Health","2022/05/28 00:00:00","861"
"kwazulu-natal","Public Health","2022/10/28 00:00:00","774"
"mpumalanga","Private Health","2021/03/09 00:00:00","250"
"mpumalanga","Private Health","2022/04/16 00:00:00","46"
"limpopo","Public Health","2021/07/23 00:00:00","13315"
"free state","Public Health","2021/12/23 00:00:00","2322"
"mpumalanga","Public Health","2022/11/20 00:00:00","9"
"free state","Public Health","2022/09/06 00:00:00","543"
"kwazulu-natal","Private Health","2021/05/24 00:00:00","513"
"western cape","Public Health","2021/07/03 00:00:00","279"
"limpopo","Private Health","2022/06/28 00:00:00","207"
"kwazulu-natal","Private Health","2022/05/26 00:00:00","777"
"eastern cape","Private Health","2022/01/30 00:00:00","48"
"free state","Public Health","2022/04/15 00:00:00","44"
"northern cape","Private Health","2021/08/29 00:00:00","482"
"mpumalanga","Private Health","2022/06/28 00:00:00","281"
"free state","Public Health","2022/05/07 00:00:00","220"
"eastern cape","Public Health","2022/05/22 00:00:00","166"
"eastern cape","Public Health","2022/06/23 00:00:00","3905"
"gauteng","Private Health","2022/05/31 00:00:00","2875"
"gauteng","Private Health","2022/07/09 00:00:00","690"
"gauteng","Private Health","2021/07/10 00:00:00","5544"
"north west","Private Health","2021/10/02 00:00:00","1434"
"mpumalanga","Public Health","2021/05/06 00:00:00","232"
"kwazulu-natal","Private Health","2021/06/28 00:00:00","1411"
"limpopo","Public Health","2021/08/08 00:00:00","8"
"mpumalanga","Private Health","2021/07/25 00:00:00","36"
"limpopo","Public Health","2022/04/12 00:00:00","6329"
"eastern cape","Public Health","2021/09/24 00:00:00","1269"
"northern cape","Public Health","2022/09/09 00:00:00","130"
"northern cape","Public Health","2021/12/18 00:00:00","100"
"north west","Private Health","2022/07/31 00:00:00","17"
"limpopo","Public Health","2021/12/17 00:00:00","4078"
"kwazulu-natal","Public Health","2021/04/21 00:00:00","2"
"mpumalanga","Private Health","2022/04/25 00:00:00","461"
"north west","Private Health","2021/07/07 00:00:00","1311"
"eastern cape","Public Health","2021/12/08 00:00:00","10124"
"kwazulu-natal","Public Health","2022/08/21 00:00:00","80"
"gauteng","Public Health","2021/11/29 00:00:00","32665"
"free state","Public Health","2021/08/13 00:00:00","5274"
"gauteng","Private Health","2022/11/26 00:00:00","90"
"north west","Private Health","2021/12/05 00:00:00","56"
"limpopo","Public Health","2021/12/10 00:00:00","9297"
"gauteng","Private Health","2022/02/15 00:00:00","8385"
"north west","Public Health","2022/10/31 00:00:00","337"
"western cape","Private Health","2022/07/20 00:00:00","375"
"western cape","Private Health","2021/11/03 00:00:00","8166"
"gauteng","Public Health","2021/05/14 00:00:00","2384"
"limpopo","Private Health","2021/11/12 00:00:00","2674"
"western cape","Public Health","2021/02/18 00:00:00","293"
"eastern cape","Private Health","2021/02/26 00:00:00","92"
"western cape","Private Health","2022/07/05 00:00:00","598"
"free state","Public Health","2022/02/14 00:00:00","4044"
"kwazulu-natal","Private Health","2022/09/18 00:00:00","1"
"gauteng","Public Health","2021/12/29 00:00:00","10636"
"eastern cape","Public Health","2022/10/23 00:00:00","7"
"north west","Public Health","2022/11/25 00:00:00","370"
"limpopo","Public Health","2021/12/27 00:00:00","154"
"free state","Public Health","2022/09/22 00:00:00","500"
"mpumalanga","Private Health","2022/05/03 00:00:00","419"
"mpumalanga","Private Health","2022/06/21 00:00:00","374"
"limpopo","Public Health","2022/12/08 00:00:00","613"
"north west","Private Health","2022/01/03 00:00:00","909"
"western cape","Private Health","2022/08/12 00:00:00","244"
"kwazulu-natal","Private Health","2022/11/21 00:00:00","12"
"gauteng","Private Health","2021/12/04 00:00:00","8298"
"gauteng","Public Health","2022/09/24 00:00:00","48"
"free state","Private Health","2021/12/22 00:00:00","853"
"eastern cape","Private Health","2021/12/18 00:00:00","429"
"eastern cape","Private Health","2022/08/02 00:00:00","113"
"western cape","Public Health","2021/12/16 00:00:00","62"
"kwazulu-natal","Private Health","2022/01/02 00:00:00","25"
"gauteng","Private Health","2021/12/03 00:00:00","22251"
"northern cape","Public Health","2021/08/01 00:00:00","737"
"kwazulu-natal","Public Health","2022/06/14 00:00:00","6972"
"gauteng","Public Health","2022/10/06 00:00:00","1155"
"eastern cape","Private Health","2022/06/18 00:00:00","85"
"eastern cape","Public Health","2022/09/03 00:00:00","2"
"limpopo","Public Health","2022/03/23 00:00:00","8050"
"gauteng","Public Health","2022/09/07 00:00:00","1162"
"northern cape","Public Health","2021/04/29 00:00:00","87"
"eastern cape","Private Health","2021/05/26 00:00:00","728"
"free state","Private Health","2021/03/05 00:00:00","49"
"free state","Public Health","2021/09/07 00:00:00","9206"
"gauteng","Private Health","2021/06/25 00:00:00","6220"
"north west","Public Health","2021/09/28 00:00:00","9674"
"north west","Public Health","2021/03/17 00:00:00","648"
"gauteng","Public Health","2021/04/04 00:00:00","1"
"north west","Public Health","2021/04/06 00:00:00","154"
"gauteng","Public Health","2021/03/27 00:00:00","281"
"gauteng","Private Health","2022/02/24 00:00:00","9500"
"gauteng","Private Health","2022/03/19 00:00:00","5225"
"free state","Private Health","2022/04/29 00:00:00","917"
"northern cape","Private Health","2021/06/03 00:00:00","29"
"northern cape","Public Health","2021/08/08 00:00:00","369"
"western cape","Public Health","2022/09/22 00:00:00","615"
"western cape","Private Health","2022/03/30 00:00:00","4305"
"mpumalanga","Private Health","2022/04/11 00:00:00","287"
"mpumalanga","Private Health","2022/04/06 00:00:00","390"
"northern cape","Private Health","2021/11/01 00:00:00","112"
"eastern cape","Public Health","2021/07/21 00:00:00","33002"
"gauteng","Private Health","2022/10/15 00:00:00","99"
"gauteng","Private Health","2021/09/28 00:00:00","22427"
"north west","Private Health","2022/01/09 00:00:00","10"
"gauteng","Public Health","2021/02/24 00:00:00","1981"
"mpumalanga","Private Health","2022/01/05 00:00:00","1121"
"eastern cape","Private Health","2021/11/05 00:00:00","2704"
"limpopo","Public Health","2021/06/11 00:00:00","4030"
"north west","Private Health","2021/08/30 00:00:00","5676"
"gauteng","Private Health","2022/05/09 00:00:00","4496"
"north west","Private Health","2022/10/03 00:00:00","15"
"eastern cape","Public Health","2021/07/12 00:00:00","26212"
"gauteng","Private Health","2021/10/03 00:00:00","5843"
"free state","Public Health","2022/05/31 00:00:00","2350"
"kwazulu-natal","Public Health","2022/11/29 00:00:00","686"
"north west","Public Health","2021/12/22 00:00:00","2817"
"northern cape","Public Health","2021/11/26 00:00:00","1566"
"northern cape","Public Health","2021/08/03 00:00:00","4907"
"north west","Private Health","2022/02/05 00:00:00","284"
"kwazulu-natal","Public Health","2022/06/13 00:00:00","6032"
"mpumalanga","Public Health","2021/06/15 00:00:00","5113"
"western cape","Public Health","2022/09/30 00:00:00","359"
"limpopo","Private Health","2022/08/13 00:00:00","30"
"mpumalanga","Public Health","2022/08/13 00:00:00","13"
"limpopo","Public Health","2021/11/12 00:00:00","7898"
"northern cape","Private Health","2021/07/16 00:00:00","1219"
"free state","Private Health","2022/05/06 00:00:00","737"
"limpopo","Private Health","2022/04/16 00:00:00","207"
"kwazulu-natal","Public Health","2021/07/08 00:00:00","38148"
"western cape","Public Health","2022/02/13 00:00:00","5"
"eastern cape","Private Health","2022/06/12 00:00:00","1"
"north west","Private Health","2022/05/16 00:00:00","756"
"eastern cape","Public Health","2022/04/30 00:00:00","261"
"northern cape","Public Health","2022/01/25 00:00:00","810"
"kwazulu-natal","Private Health","2021/03/19 00:00:00","200"
"western cape","Private Health","2022/07/16 00:00:00","153"
"northern cape","Private Health","2022/01/31 00:00:00","313"
"eastern cape","Public Health","2022/03/15 00:00:00","9338"
"mpumalanga","Public Health","2022/05/10 00:00:00","4070"
"free state","Public Health","2021/09/01 00:00:00","11582"
"eastern cape","Private Health","2022/07/21 00:00:00","106"
"eastern cape","Private Health","2022/02/27 00:00:00","31"
"kwazulu-natal","Public Health","2022/03/06 00:00:00","1023"
"kwazulu-natal","Private Health","2022/08/05 00:00:00","215"
"eastern cape","Private Health","2021/05/04 00:00:00","71"
"kwazulu-natal","Public Health","2022/05/31 00:00:00","7395"
"western cape","Public Health","2021/11/01 00:00:00","2299"
"eastern cape","Public Health","2021/09/14 00:00:00","24504"
"northern cape","Public Health","2021/05/19 00:00:00","331"
"gauteng","Private Health","2022/06/04 00:00:00","1464"
"kwazulu-natal","Public Health","2022/04/28 00:00:00","9907"
"north west","Private Health","2022/05/02 00:00:00","38"
"north west","Private Health","2022/09/20 00:00:00","25"
"northern cape","Private Health","2021/11/22 00:00:00","688"
"western cape","Private Health","2021/04/28 00:00:00","332"
"kwazulu-natal","Public Health","2022/11/26 00:00:00","90"
"limpopo","Private Health","2022/10/28 00:00:00","58"
"northern cape","Private Health","2022/10/04 00:00:00","6"
"free state","Public Health","2022/10/03 00:00:00","253"
"mpumalanga","Private Health","2022/10/06 00:00:00","7"
"kwazulu-natal","Private Health","2022/07/07 00:00:00","291"
"mpumalanga","Private Health","2022/07/30 00:00:00","64"
"northern cape","Private Health","2022/07/20 00:00:00","30"
"gauteng","Public Health","2021/12/27 00:00:00","360"
"kwazulu-natal","Private Health","2021/10/18 00:00:00","5407"
"western cape","Private Health","2022/02/01 00:00:00","4368"
"western cape","Public Health","2022/02/18 00:00:00","5660"
"northern cape","Public Health","2021/12/03 00:00:00","2646"
"north west","Private Health","2021/07/26 00:00:00","2651"
"north west","Public Health","2021/08/17 00:00:00","6536"
"gauteng","Private Health","2021/03/23 00:00:00","2236"
"northern cape","Private Health","2021/10/12 00:00:00","888"
"limpopo","Private Health","2021/12/04 00:00:00","494"
"gauteng","Private Health","2021/08/05 00:00:00","20960"
"western cape","Private Health","2022/03/23 00:00:00","4419"
"gauteng","Public Health","2022/05/11 00:00:00","9254"
"mpumalanga","Private Health","2022/12/01 00:00:00","1"
"mpumalanga","Public Health","2021/04/09 00:00:00","120"
"kwazulu-natal","Public Health","2022/12/07 00:00:00","554"
"north west","Private Health","2022/04/11 00:00:00","694"
"limpopo","Private Health","2021/07/09 00:00:00","1394"
"kwazulu-natal","Public Health","2022/05/25 00:00:00","10605"
"northern cape","Private Health","2021/10/01 00:00:00","1203"
"north west","Private Health","2021/10/08 00:00:00","4692"
"kwazulu-natal","Private Health","2022/06/07 00:00:00","637"
"free state","Private Health","2021/10/12 00:00:00","2948"
"kwazulu-natal","Private Health","2021/09/04 00:00:00","3237"
"north west","Private Health","2022/08/09 00:00:00","5"
"limpopo","Private Health","2021/11/24 00:00:00","2235"
"limpopo","Private Health","2022/07/07 00:00:00","313"
"mpumalanga","Private Health","2022/11/04 00:00:00","12"
"limpopo","Public Health","2021/09/02 00:00:00","19832"
"western cape","Public Health","2021/09/13 00:00:00","24414"
"western cape","Public Health","2022/04/27 00:00:00","92"
"north west","Private Health","2021/12/16 00:00:00","111"
"north west","Public Health","2022/05/25 00:00:00","2487"
"kwazulu-natal","Public Health","2022/07/24 00:00:00","196"
"north west","Private Health","2021/09/10 00:00:00","4925"
"western cape","Public Health","2021/10/02 00:00:00","10885"
"north west","Private Health","2021/09/12 00:00:00","274"
"north west","Public Health","2022/06/10 00:00:00","1423"
"eastern cape","Private Health","2022/09/27 00:00:00","28"
"limpopo","Private Health","2022/07/04 00:00:00","307"
"north west","Public Health","2021/07/05 00:00:00","5370"
"mpumalanga","Public Health","2021/03/05 00:00:00","428"
"free state","Public Health","2022/10/08 00:00:00","1"
"free state","Public Health","2021/08/07 00:00:00","1016"
"limpopo","Private Health","2022/01/05 00:00:00","1617"
"kwazulu-natal","Public Health","2021/11/01 00:00:00","15540"
"limpopo","Private Health","2021/03/19 00:00:00","480"
"western cape","Private Health","2021/08/17 00:00:00","11958"
"eastern cape","Private Health","2022/01/14 00:00:00","2327"
"eastern cape","Public Health","2022/03/20 00:00:00","138"
"limpopo","Public Health","2022/02/08 00:00:00","5726"
"eastern cape","Private Health","2021/08/16 00:00:00","3940"
"north west","Public Health","2022/08/06 00:00:00","146"
"free state","Private Health","2021/12/17 00:00:00","1108"
"free state","Public Health","2021/12/03 00:00:00","8471"
"western cape","Private Health","2022/11/06 00:00:00","2"
"north west","Private Health","2022/04/03 00:00:00","3"
"limpopo","Public Health","2022/02/21 00:00:00","6102"
"north west","Private Health","2022/11/28 00:00:00","31"
"free state","Public Health","2021/09/19 00:00:00","491"
"north west","Private Health","2021/12/17 00:00:00","1409"
"western cape","Public Health","2022/10/01 00:00:00","51"
"north west","Private Health","2022/01/13 00:00:00","1194"
"western cape","Public Health","2022/01/10 00:00:00","7436"
"free state","Private Health","2022/10/31 00:00:00","26"
"northern cape","Public Health","2022/02/03 00:00:00","644"
"eastern cape","Public Health","2021/07/27 00:00:00","27088"
"gauteng","Public Health","2022/06/11 00:00:00","1159"
"kwazulu-natal","Public Health","2022/05/16 00:00:00","10849"
"gauteng","Private Health","2021/11/03 00:00:00","17378"
"kwazulu-natal","Public Health","2021/08/06 00:00:00","21687"
"kwazulu-natal","Private Health","2022/03/13 00:00:00","366"
"north west","Public Health","2021/05/26 00:00:00","2755"
"north west","Public Health","2022/04/29 00:00:00","2490"
"north west","Public Health","2022/09/09 00:00:00","283"
"mpumalanga","Private Health","2021/08/18 00:00:00","2847"
"north west","Private Health","2022/06/04 00:00:00","93"
"limpopo","Private Health","2022/04/01 00:00:00","1507"
"eastern cape","Private Health","2022/09/30 00:00:00","22"
"north west","Private Health","2022/06/20 00:00:00","340"
"north west","Public Health","2022/05/01 00:00:00","998"
"gauteng","Public Health","2021/12/05 00:00:00","6363"
"eastern cape","Private Health","2022/05/30 00:00:00","389"
"limpopo","Public Health","2021/11/20 00:00:00","411"
"northern cape","Private Health","2022/03/06 00:00:00","36"
"north west","Private Health","2022/01/29 00:00:00","384"
"eastern cape","Private Health","2022/11/11 00:00:00","19"
"western cape","Public Health","2022/01/22 00:00:00","940"
"eastern cape","Private Health","2021/10/05 00:00:00","4009"
"kwazulu-natal","Public Health","2021/10/27 00:00:00","18380"
"kwazulu-natal","Private Health","2022/06/26 00:00:00","27"
"north west","Private Health","2021/09/14 00:00:00","5568"
"northern cape","Public Health","2021/06/02 00:00:00","459"
"north west","Private Health","2022/01/20 00:00:00","1253"
"limpopo","Public Health","2022/05/01 00:00:00","95"
"eastern cape","Public Health","2021/08/27 00:00:00","25377"
"north west","Public Health","2022/05/27 00:00:00","2326"
"gauteng","Private Health","2022/06/13 00:00:00","2413"
"northern cape","Private Health","2022/05/12 00:00:00","159"
"free state","Private Health","2021/10/19 00:00:00","2373"
"mpumalanga","Private Health","2022/08/29 00:00:00","37"
"eastern cape","Public Health","2021/03/15 00:00:00","626"
"kwazulu-natal","Private Health","2021/08/21 00:00:00","5441"
"northern cape","Private Health","2021/06/30 00:00:00","97"
"gauteng","Public Health","2021/09/10 00:00:00","31799"
"kwazulu-natal","Private Health","2022/03/08 00:00:00","2733"
"mpumalanga","Private Health","2022/03/10 00:00:00","839"
"western cape","Private Health","2022/04/06 00:00:00","2903"
"eastern cape","Private Health","2021/08/06 00:00:00","3839"
"western cape","Public Health","2022/05/25 00:00:00","2641"
"free state","Private Health","2022/05/05 00:00:00","809"
"western cape","Public Health","2022/01/02 00:00:00","12"
"mpumalanga","Private Health","2021/08/16 00:00:00","2304"
"limpopo","Public Health","2021/08/19 00:00:00","17881"
"western cape","Private Health","2021/12/04 00:00:00","3402"
"gauteng","Private Health","2021/05/01 00:00:00","1"
"eastern cape","Public Health","2022/05/17 00:00:00","8603"
"eastern cape","Public Health","2022/06/02 00:00:00","5830"
"mpumalanga","Public Health","2022/03/02 00:00:00","4772"
"eastern cape","Private Health","2021/11/14 00:00:00","222"
"mpumalanga","Private Health","2021/12/13 00:00:00","1351"
"eastern cape","Private Health","2021/08/27 00:00:00","7048"
"kwazulu-natal","Public Health","2021/12/04 00:00:00","5137"
"kwazulu-natal","Public Health","2022/08/04 00:00:00","2495"
"gauteng","Public Health","2022/08/19 00:00:00","1109"
"north west","Private Health","2022/03/17 00:00:00","1040"
"limpopo","Public Health","2021/08/07 00:00:00","5552"
"mpumalanga","Public Health","2021/11/12 00:00:00","7210"
"limpopo","Private Health","2022/11/24 00:00:00","61"
"free state","Private Health","2022/02/05 00:00:00","194"
"northern cape","Public Health","2022/05/03 00:00:00","874"
"western cape","Private Health","2022/02/13 00:00:00","103"
"free state","Public Health","2022/08/16 00:00:00","774"
"north west","Public Health","2021/05/01 00:00:00","40"
"north west","Public Health","2022/06/19 00:00:00","477"
"free state","Public Health","2021/03/16 00:00:00","532"
"free state","Public Health","2022/08/23 00:00:00","771"
"eastern cape","Public Health","2022/12/06 00:00:00","1291"
"kwazulu-natal","Private Health","2021/09/29 00:00:00","5983"
"mpumalanga","Public Health","2021/10/19 00:00:00","10227"
"mpumalanga","Public Health","2021/09/08 00:00:00","12728"
"free state","Public Health","2021/07/27 00:00:00","12480"
"free state","Private Health","2022/01/05 00:00:00","930"
"limpopo","Public Health","2022/03/04 00:00:00","6437"
"eastern cape","Private Health","2022/02/18 00:00:00","1323"
"north west","Public Health","2022/11/20 00:00:00","150"
"free state","Public Health","2021/05/13 00:00:00","1214"
"western cape","Public Health","2022/10/18 00:00:00","458"
"northern cape","Public Health","2021/09/24 00:00:00","893"
"kwazulu-natal","Public Health","2021/03/29 00:00:00","920"
"free state","Public Health","2022/04/16 00:00:00","8"
"eastern cape","Private Health","2021/09/03 00:00:00","5953"
"mpumalanga","Public Health","2021/10/08 00:00:00","10174"
"western cape","Private Health","2022/05/26 00:00:00","1460"
"limpopo","Private Health","2021/07/01 00:00:00","306"
"western cape","Public Health","2022/01/06 00:00:00","5776"
"mpumalanga","Private Health","2022/07/07 00:00:00","202"
"limpopo","Private Health","2022/01/30 00:00:00","48"
"gauteng","Public Health","2021/07/25 00:00:00","3847"
"eastern cape","Private Health","2022/10/10 00:00:00","38"
"eastern cape","Private Health","2021/06/27 00:00:00","1"
"north west","Private Health","2021/10/10 00:00:00","138"
"kwazulu-natal","Public Health","2022/08/20 00:00:00","179"
"northern cape","Private Health","2021/07/18 00:00:00","1"
"eastern cape","Private Health","2021/08/03 00:00:00","4508"
"north west","Public Health","2022/07/19 00:00:00","496"
"mpumalanga","Private Health","2021/07/06 00:00:00","906"
"kwazulu-natal","Private Health","2021/07/20 00:00:00","5407"
"limpopo","Private Health","2022/05/23 00:00:00","713"
"western cape","Private Health","2022/06/30 00:00:00","600"
"eastern cape","Public Health","2022/12/02 00:00:00","1317"
"western cape","Public Health","2022/01/14 00:00:00","8596"
"mpumalanga","Public Health","2022/10/12 00:00:00","664"
"gauteng","Private Health","2021/05/21 00:00:00","3656"
"western cape","Public Health","2021/11/28 00:00:00","335"
"mpumalanga","Private Health","2021/08/02 00:00:00","1634"
"limpopo","Public Health","2021/10/19 00:00:00","20844"
"kwazulu-natal","Private Health","2021/06/10 00:00:00","936"
"northern cape","Private Health","2021/09/16 00:00:00","1282"
"mpumalanga","Public Health","2021/03/17 00:00:00","102"
"gauteng","Private Health","2021/07/06 00:00:00","19169"
"northern cape","Private Health","2021/10/23 00:00:00","185"
"limpopo","Public Health","2021/08/02 00:00:00","18084"
"eastern cape","Public Health","2022/02/20 00:00:00","171"
"western cape","Public Health","2021/06/20 00:00:00","5"
"gauteng","Public Health","2022/08/17 00:00:00","1309"
"western cape","Public Health","2021/05/05 00:00:00","1916"
"eastern cape","Public Health","2022/07/22 00:00:00","2476"
"limpopo","Private Health","2022/04/12 00:00:00","1285"
"western cape","Private Health","2021/12/24 00:00:00","1545"
"north west","Private Health","2021/11/26 00:00:00","1857"
"eastern cape","Private Health","2021/07/07 00:00:00","2799"
"free state","Private Health","2021/10/10 00:00:00","41"
"kwazulu-natal","Private Health","2022/03/18 00:00:00","3124"
"western cape","Private Health","2022/10/17 00:00:00","29"
"kwazulu-natal","Public Health","2021/12/31 00:00:00","1756"
"northern cape","Private Health","2022/01/10 00:00:00","604"
"gauteng","Public Health","2021/07/02 00:00:00","16663"
"northern cape","Private Health","2022/05/09 00:00:00","204"
"kwazulu-natal","Private Health","2022/01/24 00:00:00","3593"
"mpumalanga","Public Health","2021/09/01 00:00:00","14936"
"western cape","Private Health","2022/09/10 00:00:00","102"
"northern cape","Private Health","2022/03/12 00:00:00","77"
"north west","Public Health","2021/05/02 00:00:00","26"
"free state","Private Health","2021/08/26 00:00:00","2941"
"limpopo","Public Health","2022/03/21 00:00:00","216"
"eastern cape","Public Health","2021/12/07 00:00:00","10559"
"mpumalanga","Public Health","2022/10/30 00:00:00","4"
"gauteng","Public Health","2021/06/12 00:00:00","187"
"north west","Public Health","2021/05/04 00:00:00","901"
"north west","Public Health","2022/08/09 00:00:00","167"
"free state","Private Health","2021/08/27 00:00:00","3444"
"mpumalanga","Public Health","2021/09/26 00:00:00","34"
"western cape","Public Health","2021/04/19 00:00:00","1"
"eastern cape","Private Health","2022/06/19 00:00:00","1"
"mpumalanga","Private Health","2022/01/21 00:00:00","1248"
"western cape","Private Health","2021/10/23 00:00:00","3738"
"northern cape","Private Health","2021/07/14 00:00:00","248"
"northern cape","Private Health","2022/05/04 00:00:00","210"
"north west","Private Health","2022/02/27 00:00:00","21"
"northern cape","Private Health","2022/05/08 00:00:00","18"
"mpumalanga","Public Health","2021/06/11 00:00:00","3872"
"free state","Public Health","2022/06/28 00:00:00","1472"
"western cape","Private Health","2022/11/17 00:00:00","26"
"eastern cape","Private Health","2022/06/21 00:00:00","354"
"northern cape","Private Health","2021/07/01 00:00:00","166"
"western cape","Private Health","2022/11/03 00:00:00","21"
"western cape","Public Health","2022/02/15 00:00:00","4918"
"north west","Private Health","2022/04/20 00:00:00","747"
"mpumalanga","Public Health","2022/07/16 00:00:00","57"
"gauteng","Private Health","2021/11/10 00:00:00","16053"
"western cape","Private Health","2021/12/22 00:00:00","3189"
"north west","Private Health","2022/02/04 00:00:00","834"
"limpopo","Private Health","2022/06/15 00:00:00","407"
"free state","Private Health","2021/07/26 00:00:00","2053"
"western cape","Public Health","2021/09/25 00:00:00","1437"
"free state","Public Health","2022/11/11 00:00:00","214"
"limpopo","Public Health","2021/12/25 00:00:00","7"
"mpumalanga","Public Health","2021/07/22 00:00:00","14377"
"limpopo","Private Health","2022/01/07 00:00:00","1978"
"gauteng","Public Health","2022/07/18 00:00:00","1928"
"free state","Public Health","2021/08/19 00:00:00","7809"
"mpumalanga","Public Health","2021/04/13 00:00:00","413"
"western cape","Private Health","2022/04/14 00:00:00","2486"
"gauteng","Private Health","2022/01/30 00:00:00","763"
"limpopo","Private Health","2022/09/24 00:00:00","52"
"eastern cape","Public Health","2022/02/04 00:00:00","4194"
"north west","Private Health","2022/10/19 00:00:00","38"
"eastern cape","Public Health","2022/07/04 00:00:00","1675"
"north west","Private Health","2021/05/31 00:00:00","678"
"eastern cape","Private Health","2022/08/19 00:00:00","97"
"eastern cape","Private Health","2022/04/14 00:00:00","1309"
"gauteng","Private Health","2022/07/02 00:00:00","846"
"mpumalanga","Private Health","2022/12/05 00:00:00","2"
"free state","Public Health","2021/09/26 00:00:00","265"
"northern cape","Private Health","2021/10/10 00:00:00","170"
"northern cape","Public Health","2021/08/16 00:00:00","2197"
"gauteng","Private Health","2022/01/10 00:00:00","13987"
"eastern cape","Private Health","2022/03/25 00:00:00","1722"
"kwazulu-natal","Public Health","2021/12/25 00:00:00","129"
"mpumalanga","Public Health","2021/06/04 00:00:00","5116"
"north west","Public Health","2022/04/16 00:00:00","496"
"north west","Public Health","2022/06/17 00:00:00","869"
"limpopo","Private Health","2022/05/10 00:00:00","843"
"eastern cape","Private Health","2022/11/26 00:00:00","13"
"western cape","Public Health","2022/11/10 00:00:00","682"
"limpopo","Public Health","2021/04/30 00:00:00","844"
"gauteng","Public Health","2021/08/26 00:00:00","40708"
"kwazulu-natal","Private Health","2021/12/15 00:00:00","3776"
"free state","Public Health","2022/04/05 00:00:00","3153"
"limpopo","Public Health","2021/10/10 00:00:00","87"
"northern cape","Public Health","2021/08/25 00:00:00","5085"
"north west","Private Health","2021/11/23 00:00:00","1879"
"mpumalanga","Private Health","2022/10/26 00:00:00","16"
"kwazulu-natal","Public Health","2022/11/08 00:00:00","641"
"mpumalanga","Private Health","2022/03/29 00:00:00","735"
"northern cape","Public Health","2022/09/12 00:00:00","144"
"eastern cape","Public Health","2021/11/06 00:00:00","2191"
"mpumalanga","Public Health","2021/06/01 00:00:00","3437"
"gauteng","Private Health","2022/04/23 00:00:00","3253"
"limpopo","Public Health","2022/01/30 00:00:00","46"
"gauteng","Public Health","2022/07/11 00:00:00","2183"
"kwazulu-natal","Private Health","2022/04/13 00:00:00","843"
"western cape","Public Health","2021/05/27 00:00:00","7685"
"limpopo","Private Health","2021/10/28 00:00:00","3755"
"gauteng","Private Health","2021/07/31 00:00:00","4616"
"western cape","Private Health","2022/08/07 00:00:00","6"
"western cape","Public Health","2022/10/15 00:00:00","69"
"free state","Public Health","2022/05/16 00:00:00","3098"
"free state","Private Health","2022/06/08 00:00:00","340"
"eastern cape","Public Health","2022/03/07 00:00:00","7959"
"gauteng","Private Health","2022/05/10 00:00:00","4804"
"northern cape","Public Health","2021/06/07 00:00:00","731"
"eastern cape","Private Health","2022/09/13 00:00:00","22"
"north west","Public Health","2021/12/29 00:00:00","2483"
"north west","Private Health","2022/05/18 00:00:00","559"
"limpopo","Private Health","2021/08/19 00:00:00","3045"
"free state","Private Health","2022/03/10 00:00:00","956"
"western cape","Public Health","2021/06/09 00:00:00","13527"
"free state","Public Health","2021/09/22 00:00:00","10603"
"eastern cape","Public Health","2022/01/06 00:00:00","3908"
"eastern cape","Public Health","2022/02/22 00:00:00","7244"
"limpopo","Public Health","2021/11/05 00:00:00","8728"
"kwazulu-natal","Private Health","2021/08/08 00:00:00","1241"
"eastern cape","Public Health","2022/02/24 00:00:00","7358"
"eastern cape","Private Health","2021/09/24 00:00:00","434"
"gauteng","Private Health","2021/02/26 00:00:00","1317"
"kwazulu-natal","Public Health","2021/09/27 00:00:00","14477"
"limpopo","Private Health","2021/08/23 00:00:00","4449"
"kwazulu-natal","Public Health","2021/12/14 00:00:00","10199"
"eastern cape","Private Health","2022/05/05 00:00:00","834"
"kwazulu-natal","Public Health","2021/12/30 00:00:00","5641"
"eastern cape","Private Health","2021/08/10 00:00:00","4119"
"eastern cape","Private Health","2022/04/16 00:00:00","163"
"eastern cape","Public Health","2021/04/08 00:00:00","1105"
"mpumalanga","Public Health","2022/07/06 00:00:00","1544"
"limpopo","Public Health","2022/03/20 00:00:00","31"
"northern cape","Public Health","2022/10/15 00:00:00","33"
"free state","Public Health","2022/08/19 00:00:00","520"
"kwazulu-natal","Public Health","2021/07/31 00:00:00","8955"
"free state","Public Health","2021/04/07 00:00:00","547"
"gauteng","Public Health","2022/05/24 00:00:00","7745"
"gauteng","Private Health","2021/07/13 00:00:00","11914"
"northern cape","Private Health","2022/07/30 00:00:00","3"
"mpumalanga","Public Health","2022/04/19 00:00:00","3988"
"kwazulu-natal","Public Health","2022/01/20 00:00:00","9636"
"northern cape","Public Health","2022/05/05 00:00:00","1240"
"north west","Public Health","2022/10/01 00:00:00","108"
"limpopo","Public Health","2021/07/26 00:00:00","21498"
"gauteng","Public Health","2022/11/27 00:00:00","29"
"mpumalanga","Public Health","2022/04/24 00:00:00","98"
"gauteng","Public Health","2021/10/28 00:00:00","32242"
"limpopo","Private Health","2022/04/21 00:00:00","1121"
"mpumalanga","Private Health","2022/04/13 00:00:00","394"
"north west","Private Health","2021/08/16 00:00:00","3523"
"western cape","Public Health","2022/10/12 00:00:00","496"
"gauteng","Private Health","2021/05/20 00:00:00","3446"
"kwazulu-natal","Public Health","2021/06/25 00:00:00","22817"
"limpopo","Private Health","2022/11/28 00:00:00","19"
"north west","Public Health","2021/03/31 00:00:00","430"
"limpopo","Public Health","2022/09/01 00:00:00","1099"
"northern cape","Private Health","2021/08/20 00:00:00","923"
"free state","Private Health","2022/02/09 00:00:00","841"
"western cape","Private Health","2021/02/23 00:00:00","190"
"limpopo","Private Health","2022/10/25 00:00:00","77"
"gauteng","Public Health","2021/11/06 00:00:00","5455"
"northern cape","Private Health","2021/03/18 00:00:00","84"
"gauteng","Private Health","2022/07/15 00:00:00","1275"
"free state","Public Health","2022/04/09 00:00:00","447"
"gauteng","Private Health","2022/10/06 00:00:00","425"
"limpopo","Public Health","2022/01/31 00:00:00","6324"
"western cape","Public Health","2022/02/09 00:00:00","4966"
"western cape","Private Health","2022/03/21 00:00:00","252"
"free state","Public Health","2022/06/21 00:00:00","2234"
"western cape","Private Health","2021/09/15 00:00:00","14353"
"eastern cape","Private Health","2022/05/19 00:00:00","708"
"free state","Public Health","2021/08/12 00:00:00","6994"
"kwazulu-natal","Public Health","2022/02/27 00:00:00","1161"
"gauteng","Public Health","2022/10/10 00:00:00","1216"
"free state","Public Health","2022/05/30 00:00:00","2331"
"mpumalanga","Private Health","2022/08/22 00:00:00","47"
"northern cape","Private Health","2022/06/06 00:00:00","106"
"limpopo","Public Health","2022/02/14 00:00:00","5327"
"free state","Private Health","2021/12/10 00:00:00","1667"
"kwazulu-natal","Public Health","2021/06/15 00:00:00","12035"
"northern cape","Public Health","2022/12/09 00:00:00","127"
"limpopo","Public Health","2022/05/24 00:00:00","6390"
"western cape","Private Health","2022/08/19 00:00:00","207"
"northern cape","Public Health","2022/11/10 00:00:00","264"
"mpumalanga","Private Health","2022/05/21 00:00:00","112"
"eastern cape","Private Health","2021/07/31 00:00:00","326"
"free state","Public Health","2022/06/15 00:00:00","1936"
"kwazulu-natal","Public Health","2022/10/08 00:00:00","52"
"northern cape","Private Health","2021/12/24 00:00:00","155"
"mpumalanga","Public Health","2022/06/29 00:00:00","1943"
"eastern cape","Private Health","2021/07/15 00:00:00","4790"
"north west","Private Health","2022/02/14 00:00:00","850"
"northern cape","Private Health","2022/10/21 00:00:00","10"
"free state","Private Health","2022/05/20 00:00:00","556"
"kwazulu-natal","Private Health","2021/07/29 00:00:00","6397"
"limpopo","Public Health","2021/10/17 00:00:00","1"
"northern cape","Public Health","2022/09/20 00:00:00","262"
"kwazulu-natal","Public Health","2021/06/22 00:00:00","9057"
"northern cape","Private Health","2022/07/13 00:00:00","50"
"mpumalanga","Public Health","2022/06/27 00:00:00","1896"
"northern cape","Private Health","2022/06/16 00:00:00","5"
"north west","Public Health","2022/04/02 00:00:00","877"
"kwazulu-natal","Private Health","2022/12/03 00:00:00","7"
"limpopo","Private Health","2022/06/10 00:00:00","310"
"kwazulu-natal","Private Health","2022/05/12 00:00:00","1103"
"kwazulu-natal","Private Health","2022/11/17 00:00:00","31"
"north west","Public Health","2022/07/08 00:00:00","396"
"northern cape","Public Health","2021/07/15 00:00:00","2945"
"limpopo","Public Health","2022/04/18 00:00:00","131"
"northern cape","Private Health","2021/11/20 00:00:00","296"
"gauteng","Private Health","2022/02/03 00:00:00","8338"
"eastern cape","Public Health","2022/04/06 00:00:00","6730"
"mpumalanga","Private Health","2022/08/26 00:00:00","33"
"north west","Public Health","2021/10/19 00:00:00","9492"
"eastern cape","Private Health","2021/08/09 00:00:00","19"
"eastern cape","Private Health","2022/07/28 00:00:00","144"
"eastern cape","Private Health","2021/06/18 00:00:00","1140"
"free state","Public Health","2021/11/15 00:00:00","6578"
"north west","Private Health","2021/07/18 00:00:00","210"
"western cape","Public Health","2022/11/26 00:00:00","35"
"eastern cape","Private Health","2021/09/28 00:00:00","3393"
"mpumalanga","Public Health","2021/11/20 00:00:00","2361"
"north west","Private Health","2022/04/06 00:00:00","1005"
"eastern cape","Public Health","2022/11/15 00:00:00","2425"
"kwazulu-natal","Private Health","2022/07/12 00:00:00","290"
"kwazulu-natal","Private Health","2021/12/21 00:00:00","2347"
"free state","Public Health","2021/09/27 00:00:00","7762"
"kwazulu-natal","Public Health","2022/02/14 00:00:00","9490"
"free state","Public Health","2021/12/02 00:00:00","9822"
"gauteng","Public Health","2021/08/18 00:00:00","31042"
"eastern cape","Public Health","2022/05/01 00:00:00","210"
"mpumalanga","Public Health","2022/02/21 00:00:00","3362"
"eastern cape","Public Health","2021/09/07 00:00:00","14909"
"mpumalanga","Private Health","2021/08/04 00:00:00","2063"
"north west","Private Health","2022/07/29 00:00:00","86"
"mpumalanga","Private Health","2022/05/09 00:00:00","379"
"mpumalanga","Public Health","2021/04/01 00:00:00","182"
"northern cape","Public Health","2021/11/01 00:00:00","1222"
"eastern cape","Private Health","2022/05/14 00:00:00","305"
"kwazulu-natal","Public Health","2022/02/11 00:00:00","9960"
"limpopo","Private Health","2022/06/18 00:00:00","152"
"western cape","Public Health","2021/12/09 00:00:00","13150"
"northern cape","Public Health","2022/10/01 00:00:00","1"
"northern cape","Public Health","2022/06/29 00:00:00","797"
"north west","Public Health","2022/07/13 00:00:00","587"
"gauteng","Public Health","2022/03/18 00:00:00","11701"
"mpumalanga","Public Health","2021/05/27 00:00:00","2826"
"western cape","Private Health","2022/07/03 00:00:00","5"
"northern cape","Private Health","2021/09/04 00:00:00","1"
"western cape","Private Health","2021/05/15 00:00:00","542"
"western cape","Private Health","2021/11/23 00:00:00","6056"
"eastern cape","Private Health","2021/10/08 00:00:00","4247"
"northern cape","Private Health","2021/09/10 00:00:00","1074"
"gauteng","Private Health","2021/07/24 00:00:00","7408"
"free state","Private Health","2022/10/21 00:00:00","70"
"kwazulu-natal","Private Health","2021/09/19 00:00:00","921"
"western cape","Private Health","2021/08/31 00:00:00","15014"
"limpopo","Private Health","2022/05/21 00:00:00","167"
"eastern cape","Public Health","2021/11/19 00:00:00","10445"
"free state","Public Health","2021/09/16 00:00:00","11755"
"free state","Private Health","2021/09/01 00:00:00","3000"
"mpumalanga","Private Health","2022/08/16 00:00:00","41"
"north west","Public Health","2022/11/18 00:00:00","612"
"western cape","Private Health","2022/03/09 00:00:00","5486"
"free state","Public Health","2022/01/21 00:00:00","4925"
"eastern cape","Private Health","2021/10/07 00:00:00","4223"
"mpumalanga","Public Health","2022/04/16 00:00:00","88"
"mpumalanga","Public Health","2022/11/19 00:00:00","28"
"north west","Private Health","2022/01/18 00:00:00","1245"
"kwazulu-natal","Private Health","2022/10/29 00:00:00","3"
"eastern cape","Private Health","2022/03/24 00:00:00","1661"
"free state","Public Health","2022/03/06 00:00:00","161"
"limpopo","Private Health","2022/04/15 00:00:00","43"
"kwazulu-natal","Private Health","2021/09/07 00:00:00","6501"
"mpumalanga","Private Health","2021/12/07 00:00:00","1673"
"eastern cape","Private Health","2022/07/08 00:00:00","250"
"eastern cape","Public Health","2022/07/31 00:00:00","46"
"north west","Public Health","2021/02/24 00:00:00","1154"
"limpopo","Public Health","2021/02/22 00:00:00","864"
"gauteng","Public Health","2022/06/22 00:00:00","4144"
"mpumalanga","Private Health","2022/03/21 00:00:00","5"
"limpopo","Private Health","2022/08/22 00:00:00","194"
"mpumalanga","Public Health","2021/07/31 00:00:00","1132"
"northern cape","Public Health","2021/08/11 00:00:00","3335"
"north west","Public Health","2021/08/14 00:00:00","1486"
"western cape","Public Health","2022/11/21 00:00:00","270"
"gauteng","Private Health","2021/07/18 00:00:00","3586"
"northern cape","Private Health","2021/06/14 00:00:00","161"
"north west","Public Health","2022/09/11 00:00:00","131"
"western cape","Private Health","2021/07/30 00:00:00","11940"
"gauteng","Private Health","2022/09/27 00:00:00","154"
"mpumalanga","Public Health","2022/05/29 00:00:00","27"
"mpumalanga","Private Health","2021/07/05 00:00:00","791"
"gauteng","Public Health","2021/07/08 00:00:00","31152"
"mpumalanga","Public Health","2021/12/26 00:00:00","38"
"kwazulu-natal","Public Health","2022/03/23 00:00:00","10920"
"mpumalanga","Public Health","2022/07/11 00:00:00","1781"
"northern cape","Public Health","2021/11/30 00:00:00","3304"
"limpopo","Private Health","2021/09/07 00:00:00","5276"
"free state","Public Health","2021/09/29 00:00:00","9261"
"gauteng","Private Health","2022/09/15 00:00:00","161"
"mpumalanga","Public Health","2022/10/05 00:00:00","649"
"free state","Private Health","2021/08/02 00:00:00","2284"
"kwazulu-natal","Public Health","2021/05/29 00:00:00","1434"
"kwazulu-natal","Private Health","2022/09/02 00:00:00","90"
"limpopo","Private Health","2022/07/28 00:00:00","301"
"gauteng","Public Health","2022/02/16 00:00:00","14597"
"western cape","Public Health","2021/09/28 00:00:00","18472"
"western cape","Public Health","2021/07/18 00:00:00","62"
"northern cape","Public Health","2021/07/28 00:00:00","3718"
"western cape","Public Health","2022/08/31 00:00:00","797"
"mpumalanga","Public Health","2022/08/10 00:00:00","1019"
"mpumalanga","Public Health","2022/02/11 00:00:00","3241"
"western cape","Private Health","2022/01/09 00:00:00","60"
"limpopo","Public Health","2022/05/04 00:00:00","6887"
"kwazulu-natal","Private Health","2021/08/25 00:00:00","9478"
"kwazulu-natal","Private Health","2021/10/25 00:00:00","5430"
"mpumalanga","Public Health","2022/04/29 00:00:00","3875"
"western cape","Private Health","2021/10/11 00:00:00","11728"
"free state","Public Health","2021/10/18 00:00:00","8900"
"kwazulu-natal","Public Health","2022/04/10 00:00:00","1654"
"western cape","Private Health","2021/05/19 00:00:00","282"
"north west","Public Health","2022/05/02 00:00:00","1064"
"northern cape","Private Health","2022/05/03 00:00:00","216"
"north west","Public Health","2022/02/05 00:00:00","860"
"limpopo","Public Health","2022/11/21 00:00:00","1065"
"western cape","Public Health","2022/06/05 00:00:00","10"
"mpumalanga","Private Health","2022/01/06 00:00:00","1181"
"kwazulu-natal","Public Health","2022/09/04 00:00:00","40"
"kwazulu-natal","Public Health","2022/04/12 00:00:00","5517"
"mpumalanga","Public Health","2022/11/01 00:00:00","560"
"western cape","Private Health","2022/08/11 00:00:00","208"
"north west","Public Health","2021/06/16 00:00:00","952"
"free state","Private Health","2021/09/18 00:00:00","291"
"north west","Public Health","2021/11/09 00:00:00","6842"
"gauteng","Private Health","2022/02/19 00:00:00","3748"
"northern cape","Public Health","2022/02/04 00:00:00","785"
"kwazulu-natal","Public Health","2021/08/14 00:00:00","3883"
"kwazulu-natal","Private Health","2021/03/26 00:00:00","598"
"free state","Public Health","2021/09/02 00:00:00","11801"
"gauteng","Private Health","2022/10/24 00:00:00","179"
"western cape","Public Health","2022/03/24 00:00:00","7189"
"eastern cape","Public Health","2021/12/24 00:00:00","324"
"eastern cape","Private Health","2021/04/09 00:00:00","152"
"northern cape","Private Health","2021/07/06 00:00:00","416"
"eastern cape","Public Health","2021/10/01 00:00:00","15431"
"mpumalanga","Public Health","2021/09/17 00:00:00","9645"
"limpopo","Private Health","2021/06/01 00:00:00","565"
"mpumalanga","Public Health","2022/10/04 00:00:00","552"
"gauteng","Public Health","2021/08/14 00:00:00","3390"
"gauteng","Private Health","2021/07/12 00:00:00","17503"
"northern cape","Private Health","2021/05/08 00:00:00","74"
"gauteng","Public Health","2022/01/12 00:00:00","16557"
"gauteng","Public Health","2022/05/22 00:00:00","638"
"north west","Public Health","2021/09/10 00:00:00","9136"
"kwazulu-natal","Private Health","2022/10/15 00:00:00","3"
"gauteng","Public Health","2021/08/13 00:00:00","22314"
"mpumalanga","Private Health","2022/02/26 00:00:00","1109"
"kwazulu-natal","Private Health","2022/01/21 00:00:00","3410"
"free state","Private Health","2022/04/27 00:00:00","68"
"eastern cape","Public Health","2022/02/28 00:00:00","8380"
"free state","Public Health","2022/04/08 00:00:00","3849"
"kwazulu-natal","Private Health","2022/04/02 00:00:00","1575"
"north west","Private Health","2022/07/13 00:00:00","155"
"gauteng","Private Health","2021/09/16 00:00:00","31674"
"mpumalanga","Public Health","2021/11/28 00:00:00","162"
"gauteng","Public Health","2021/07/05 00:00:00","20603"
"western cape","Public Health","2022/07/12 00:00:00","903"
"eastern cape","Public Health","2021/10/14 00:00:00","20435"
"mpumalanga","Public Health","2021/11/15 00:00:00","6812"
"limpopo","Private Health","2021/10/24 00:00:00","68"
"mpumalanga","Public Health","2021/12/22 00:00:00","3084"
"limpopo","Private Health","2021/09/14 00:00:00","6454"
"western cape","Private Health","2022/07/18 00:00:00","434"
"mpumalanga","Public Health","2022/11/08 00:00:00","601"
"free state","Public Health","2021/08/09 00:00:00","965"
"gauteng","Private Health","2021/12/30 00:00:00","6728"
"gauteng","Public Health","2021/10/08 00:00:00","30323"
"limpopo","Public Health","2021/07/09 00:00:00","21496"
"mpumalanga","Private Health","2021/12/29 00:00:00","842"
"northern cape","Private Health","2021/10/21 00:00:00","1035"
"mpumalanga","Public Health","2021/06/05 00:00:00","376"
"mpumalanga","Private Health","2021/09/22 00:00:00","3007"
"western cape","Public Health","2022/04/10 00:00:00","728"
"gauteng","Private Health","2022/04/02 00:00:00","4316"
"north west","Private Health","2022/11/08 00:00:00","28"
"free state","Public Health","2022/04/12 00:00:00","3698"
"mpumalanga","Public Health","2022/11/16 00:00:00","692"
"free state","Public Health","2021/08/02 00:00:00","8752"
"eastern cape","Private Health","2021/07/26 00:00:00","5369"
"gauteng","Private Health","2022/12/04 00:00:00","2"
"north west","Public Health","2021/11/22 00:00:00","4893"
"limpopo","Private Health","2022/03/29 00:00:00","1697"
"limpopo","Private Health","2021/08/06 00:00:00","3102"
"limpopo","Public Health","2022/02/24 00:00:00","6144"
"mpumalanga","Public Health","2022/09/10 00:00:00","45"
"eastern cape","Private Health","2022/06/28 00:00:00","301"
"mpumalanga","Private Health","2021/03/04 00:00:00","254"
"kwazulu-natal","Private Health","2022/02/16 00:00:00","2117"
"north west","Public Health","2022/03/14 00:00:00","3357"
"free state","Public Health","2021/03/06 00:00:00","76"
"free state","Private Health","2021/06/08 00:00:00","266"
"western cape","Private Health","2022/01/08 00:00:00","863"
"free state","Public Health","2021/10/06 00:00:00","11308"
"north west","Public Health","2021/06/18 00:00:00","2677"
"western cape","Private Health","2021/11/15 00:00:00","7218"
"eastern cape","Private Health","2021/07/05 00:00:00","2529"
"limpopo","Private Health","2022/05/25 00:00:00","767"
"gauteng","Private Health","2021/02/20 00:00:00","106"
"kwazulu-natal","Private Health","2021/11/26 00:00:00","5478"
"gauteng","Public Health","2022/03/31 00:00:00","12919"
"kwazulu-natal","Private Health","2022/08/13 00:00:00","71"
"limpopo","Private Health","2022/09/02 00:00:00","289"
"gauteng","Public Health","2022/05/06 00:00:00","7598"
"limpopo","Public Health","2021/03/06 00:00:00","294"
"free state","Public Health","2021/12/21 00:00:00","3645"
"northern cape","Public Health","2022/02/16 00:00:00","609"
"gauteng","Private Health","2022/11/06 00:00:00","6"
"mpumalanga","Public Health","2022/07/26 00:00:00","1901"
"free state","Private Health","2022/05/28 00:00:00","208"
"limpopo","Public Health","2022/07/15 00:00:00","557"
"north west","Private Health","2022/04/24 00:00:00","25"
"gauteng","Public Health","2022/03/16 00:00:00","15450"
"mpumalanga","Public Health","2022/01/26 00:00:00","4234"
"northern cape","Private Health","2022/06/02 00:00:00","128"
"eastern cape","Private Health","2022/03/05 00:00:00","765"
"kwazulu-natal","Public Health","2022/06/16 00:00:00","1057"
"western cape","Private Health","2021/03/29 00:00:00","490"
"gauteng","Private Health","2022/02/02 00:00:00","9096"
"limpopo","Public Health","2022/11/16 00:00:00","1321"
"eastern cape","Private Health","2022/11/25 00:00:00","16"
"free state","Public Health","2022/04/21 00:00:00","3399"
"free state","Public Health","2022/02/01 00:00:00","4097"
"kwazulu-natal","Private Health","2021/07/14 00:00:00","45"
"mpumalanga","Private Health","2021/09/13 00:00:00","4006"
"mpumalanga","Private Health","2022/01/07 00:00:00","1308"
"north west","Public Health","2021/05/08 00:00:00","40"
"free state","Public Health","2022/10/01 00:00:00","8"
"free state","Public Health","2021/10/17 00:00:00","457"
"mpumalanga","Public Health","2022/09/23 00:00:00","457"
"mpumalanga","Public Health","2022/08/03 00:00:00","1332"
"northern cape","Public Health","2022/03/08 00:00:00","1111"
"mpumalanga","Private Health","2022/03/17 00:00:00","748"
"mpumalanga","Private Health","2022/06/23 00:00:00","367"
"western cape","Public Health","2021/07/04 00:00:00","11"
"eastern cape","Private Health","2022/11/15 00:00:00","5"
"western cape","Public Health","2022/07/06 00:00:00","971"
"free state","Private Health","2022/06/20 00:00:00","240"
"mpumalanga","Private Health","2021/11/30 00:00:00","2422"
"kwazulu-natal","Public Health","2022/07/25 00:00:00","2698"
"limpopo","Private Health","2022/02/09 00:00:00","844"
"free state","Private Health","2022/06/07 00:00:00","346"
"eastern cape","Public Health","2022/06/20 00:00:00","3681"
"limpopo","Private Health","2021/12/27 00:00:00","145"
"kwazulu-natal","Private Health","2021/10/29 00:00:00","7118"
"kwazulu-natal","Private Health","2022/04/09 00:00:00","1169"
"western cape","Public Health","2021/06/05 00:00:00","154"
"north west","Public Health","2021/08/12 00:00:00","6885"
"northern cape","Public Health","2022/08/14 00:00:00","2"
"western cape","Private Health","2021/07/31 00:00:00","1810"
"western cape","Public Health","2021/07/31 00:00:00","2644"
"mpumalanga","Public Health","2022/09/11 00:00:00","6"
"mpumalanga","Private Health","2022/06/27 00:00:00","282"
"eastern cape","Public Health","2021/12/04 00:00:00","1583"
"western cape","Private Health","2022/12/12 00:00:00","25"
"north west","Public Health","2022/11/16 00:00:00","616"
"mpumalanga","Private Health","2021/03/23 00:00:00","55"
"north west","Public Health","2021/09/07 00:00:00","8766"
"free state","Private Health","2022/08/08 00:00:00","62"
"western cape","Public Health","2022/04/06 00:00:00","3540"
"gauteng","Public Health","2021/06/05 00:00:00","131"
"western cape","Public Health","2021/05/10 00:00:00","2219"
"eastern cape","Public Health","2022/11/02 00:00:00","1667"
"northern cape","Public Health","2022/04/24 00:00:00","2"
"kwazulu-natal","Public Health","2021/06/06 00:00:00","1360"
"kwazulu-natal","Private Health","2021/06/24 00:00:00","1415"
"kwazulu-natal","Public Health","2021/12/26 00:00:00","141"
"limpopo","Public Health","2022/08/06 00:00:00","24"
"kwazulu-natal","Public Health","2021/09/10 00:00:00","27784"
"western cape","Public Health","2022/10/27 00:00:00","492"
"gauteng","Public Health","2021/06/11 00:00:00","11872"
"eastern cape","Private Health","2022/08/20 00:00:00","6"
"eastern cape","Private Health","2022/02/06 00:00:00","18"
"gauteng","Private Health","2021/10/23 00:00:00","11986"
"mpumalanga","Public Health","2022/05/20 00:00:00","3377"
"limpopo","Private Health","2022/10/07 00:00:00","41"
"kwazulu-natal","Public Health","2021/04/01 00:00:00","361"
"kwazulu-natal","Private Health","2022/10/31 00:00:00","54"
"western cape","Private Health","2022/03/02 00:00:00","5845"
"kwazulu-natal","Public Health","2022/08/24 00:00:00","1253"
"eastern cape","Private Health","2022/02/17 00:00:00","1270"
"eastern cape","Private Health","2022/04/04 00:00:00","1222"
"western cape","Public Health","2022/12/09 00:00:00","351"
"free state","Public Health","2021/07/15 00:00:00","10571"
"north west","Public Health","2022/10/25 00:00:00","499"
"free state","Private Health","2021/10/01 00:00:00","3442"
"northern cape","Public Health","2022/07/05 00:00:00","736"
"gauteng","Private Health","2022/10/12 00:00:00","286"
"eastern cape","Private Health","2022/01/26 00:00:00","1697"
"limpopo","Public Health","2021/09/26 00:00:00","38"
"northern cape","Public Health","2021/10/29 00:00:00","2956"
"western cape","Private Health","2022/09/15 00:00:00","29"
"gauteng","Public Health","2021/06/03 00:00:00","11814"
"northern cape","Public Health","2021/12/05 00:00:00","675"
"gauteng","Public Health","2022/10/24 00:00:00","1325"
"kwazulu-natal","Public Health","2021/10/14 00:00:00","19643"
"kwazulu-natal","Private Health","2022/04/15 00:00:00","69"
"gauteng","Private Health","2021/06/21 00:00:00","7106"
"limpopo","Public Health","2022/09/14 00:00:00","838"
"eastern cape","Public Health","2021/10/06 00:00:00","19877"
"mpumalanga","Private Health","2022/09/02 00:00:00","46"
"gauteng","Private Health","2022/06/09 00:00:00","2586"
"free state","Private Health","2022/06/17 00:00:00","283"
"northern cape","Private Health","2022/10/05 00:00:00","19"
"mpumalanga","Public Health","2021/11/09 00:00:00","6988"
"mpumalanga","Private Health","2022/06/06 00:00:00","210"
"eastern cape","Public Health","2022/09/20 00:00:00","1264"
"gauteng","Private Health","2021/08/21 00:00:00","11854"
"kwazulu-natal","Public Health","2021/08/01 00:00:00","5687"
"western cape","Private Health","2022/07/13 00:00:00","529"
"free state","Public Health","2022/01/15 00:00:00","580"
"northern cape","Private Health","2022/11/12 00:00:00","2"
"free state","Private Health","2021/09/16 00:00:00","3256"
"eastern cape","Private Health","2022/11/18 00:00:00","14"
"gauteng","Public Health","2021/07/17 00:00:00","1042"
"gauteng","Public Health","2022/05/09 00:00:00","6828"
"north west","Private Health","2021/05/25 00:00:00","170"
"eastern cape","Private Health","2022/06/24 00:00:00","260"
"limpopo","Public Health","2022/10/04 00:00:00","842"
"western cape","Private Health","2022/04/01 00:00:00","4452"
"eastern cape","Public Health","2022/06/08 00:00:00","6155"
"northern cape","Public Health","2021/09/06 00:00:00","3391"
"gauteng","Private Health","2021/07/22 00:00:00","24541"
"western cape","Private Health","2021/03/02 00:00:00","30"
"free state","Private Health","2021/07/05 00:00:00","1121"
"kwazulu-natal","Private Health","2021/10/30 00:00:00","3142"
"limpopo","Public Health","2022/04/25 00:00:00","6614"
"mpumalanga","Private Health","2022/01/14 00:00:00","1316"
"limpopo","Public Health","2022/09/22 00:00:00","810"
"north west","Private Health","2022/03/30 00:00:00","1274"
"gauteng","Public Health","2021/08/11 00:00:00","27427"
"western cape","Public Health","2022/05/20 00:00:00","3399"
"eastern cape","Public Health","2021/09/25 00:00:00","1340"
"north west","Public Health","2021/03/08 00:00:00","353"
"gauteng","Private Health","2022/11/24 00:00:00","385"
"northern cape","Public Health","2022/06/01 00:00:00","888"
"northern cape","Public Health","2021/04/08 00:00:00","88"
"north west","Public Health","2022/03/13 00:00:00","1603"
"kwazulu-natal","Private Health","2022/11/29 00:00:00","27"
"north west","Public Health","2021/11/27 00:00:00","2466"
"free state","Private Health","2022/07/22 00:00:00","114"
"mpumalanga","Private Health","2021/12/21 00:00:00","978"
"kwazulu-natal","Public Health","2021/07/14 00:00:00","3130"
"gauteng","Private Health","2021/08/06 00:00:00","22700"
"gauteng","Private Health","2022/10/26 00:00:00","329"
"eastern cape","Private Health","2022/07/20 00:00:00","99"
"north west","Public Health","2022/08/28 00:00:00","180"
"kwazulu-natal","Public Health","2022/04/06 00:00:00","8341"
"gauteng","Private Health","2021/10/24 00:00:00","2239"
"free state","Public Health","2021/07/28 00:00:00","11031"
"western cape","Public Health","2022/03/20 00:00:00","37"
"free state","Public Health","2021/10/25 00:00:00","10191"
"western cape","Private Health","2022/05/14 00:00:00","745"
"kwazulu-natal","Private Health","2021/04/30 00:00:00","1422"
"north west","Private Health","2021/05/07 00:00:00","1"
"gauteng","Public Health","2021/11/25 00:00:00","21598"
"western cape","Private Health","2021/03/26 00:00:00","713"
"mpumalanga","Public Health","2021/05/13 00:00:00","501"
"gauteng","Public Health","2021/09/27 00:00:00","23570"
"free state","Public Health","2022/01/22 00:00:00","533"
"kwazulu-natal","Public Health","2022/11/18 00:00:00","722"
"eastern cape","Public Health","2022/05/05 00:00:00","8435"
"northern cape","Public Health","2022/11/16 00:00:00","338"
"mpumalanga","Private Health","2021/03/11 00:00:00","312"
"western cape","Private Health","2021/07/14 00:00:00","9839"
"western cape","Public Health","2022/05/09 00:00:00","2828"
"eastern cape","Private Health","2021/05/22 00:00:00","3"
"northern cape","Private Health","2021/10/17 00:00:00","442"
"north west","Private Health","2021/09/19 00:00:00","470"
"north west","Public Health","2021/05/20 00:00:00","3608"
"free state","Public Health","2021/10/15 00:00:00","11497"
"eastern cape","Public Health","2022/01/12 00:00:00","7147"
"north west","Public Health","2022/03/29 00:00:00","4510"
"northern cape","Private Health","2022/04/11 00:00:00","175"
"free state","Public Health","2021/03/26 00:00:00","407"
"north west","Public Health","2022/05/22 00:00:00","736"
"western cape","Public Health","2021/09/03 00:00:00","33056"
"mpumalanga","Private Health","2021/09/11 00:00:00","458"
"limpopo","Public Health","2021/06/24 00:00:00","11453"
"limpopo","Private Health","2021/07/23 00:00:00","2265"
"north west","Private Health","2022/01/11 00:00:00","1384"
"gauteng","Private Health","2021/12/10 00:00:00","20269"
"mpumalanga","Public Health","2021/10/11 00:00:00","11506"
"western cape","Public Health","2022/10/11 00:00:00","485"
"limpopo","Private Health","2022/02/19 00:00:00","552"
"free state","Private Health","2021/07/12 00:00:00","1591"
"limpopo","Public Health","2021/05/22 00:00:00","503"
"mpumalanga","Public Health","2022/11/22 00:00:00","493"
"north west","Public Health","2021/09/27 00:00:00","8798"
"eastern cape","Private Health","2022/04/15 00:00:00","82"
"limpopo","Private Health","2021/07/29 00:00:00","3336"
"north west","Public Health","2022/01/06 00:00:00","3524"
"kwazulu-natal","Private Health","2021/10/16 00:00:00","3254"
"north west","Private Health","2021/11/27 00:00:00","433"
"kwazulu-natal","Public Health","2021/08/31 00:00:00","30634"
"free state","Public Health","2022/05/06 00:00:00","3247"
"eastern cape","Public Health","2021/09/05 00:00:00","2067"
"western cape","Private Health","2021/12/28 00:00:00","3109"
"mpumalanga","Private Health","2022/01/10 00:00:00","1520"
"northern cape","Public Health","2022/09/10 00:00:00","1"
"northern cape","Private Health","2022/03/13 00:00:00","30"
"eastern cape","Private Health","2022/07/04 00:00:00","244"
"free state","Private Health","2022/07/20 00:00:00","68"
"north west","Private Health","2021/07/15 00:00:00","1305"
"northern cape","Private Health","2021/05/19 00:00:00","12"
"mpumalanga","Private Health","2021/07/26 00:00:00","2182"
"north west","Private Health","2021/07/20 00:00:00","2264"
"western cape","Private Health","2021/05/12 00:00:00","1430"
"western cape","Public Health","2022/01/03 00:00:00","3746"
"northern cape","Private Health","2021/08/30 00:00:00","1085"
"free state","Private Health","2021/08/12 00:00:00","1787"
"free state","Private Health","2022/04/11 00:00:00","596"
"eastern cape","Private Health","2022/07/30 00:00:00","110"
"kwazulu-natal","Public Health","2021/07/26 00:00:00","37751"
"eastern cape","Private Health","2021/07/06 00:00:00","2696"
"northern cape","Private Health","2022/07/04 00:00:00","28"
"limpopo","Public Health","2022/09/07 00:00:00","1082"
"northern cape","Public Health","2021/11/03 00:00:00","3651"
"kwazulu-natal","Private Health","2021/08/12 00:00:00","5925"
"northern cape","Public Health","2021/12/28 00:00:00","586"
"eastern cape","Public Health","2022/07/27 00:00:00","1819"
"northern cape","Private Health","2021/12/23 00:00:00","237"
"gauteng","Private Health","2022/08/21 00:00:00","18"
"eastern cape","Private Health","2021/02/25 00:00:00","70"
"limpopo","Private Health","2022/08/28 00:00:00","20"
"north west","Private Health","2022/07/02 00:00:00","40"
"free state","Public Health","2021/03/15 00:00:00","619"
"mpumalanga","Public Health","2022/01/07 00:00:00","4710"
"free state","Private Health","2022/02/02 00:00:00","898"
"kwazulu-natal","Private Health","2021/11/14 00:00:00","726"
"limpopo","Public Health","2022/04/04 00:00:00","4968"
"gauteng","Private Health","2021/09/07 00:00:00","31551"
"northern cape","Public Health","2022/05/16 00:00:00","1048"
"mpumalanga","Public Health","2021/08/13 00:00:00","5362"
"mpumalanga","Public Health","2021/05/26 00:00:00","2705"
"free state","Public Health","2022/05/11 00:00:00","3946"
"kwazulu-natal","Public Health","2022/07/04 00:00:00","2280"
"eastern cape","Private Health","2021/05/11 00:00:00","160"
"free state","Private Health","2022/10/06 00:00:00","21"
"mpumalanga","Private Health","2021/06/29 00:00:00","573"
"gauteng","Public Health","2022/07/20 00:00:00","1462"
"free state","Private Health","2021/11/11 00:00:00","1402"
"mpumalanga","Private Health","2021/06/17 00:00:00","302"
"free state","Public Health","2021/10/31 00:00:00","576"
"limpopo","Private Health","2021/06/14 00:00:00","546"
"western cape","Private Health","2022/06/27 00:00:00","773"
"free state","Private Health","2021/06/23 00:00:00","233"
"kwazulu-natal","Private Health","2021/04/09 00:00:00","296"
"eastern cape","Public Health","2022/09/05 00:00:00","1734"
"western cape","Private Health","2021/05/11 00:00:00","1208"
"free state","Private Health","2022/05/16 00:00:00","535"
"free state","Private Health","2022/03/20 00:00:00","14"
"western cape","Public Health","2022/09/11 00:00:00","44"
"gauteng","Private Health","2021/06/03 00:00:00","7977"
"free state","Private Health","2021/07/04 00:00:00","5"
"gauteng","Public Health","2022/12/03 00:00:00","122"
"northern cape","Public Health","2021/08/19 00:00:00","3634"
"mpumalanga","Public Health","2021/06/19 00:00:00","64"
"northern cape","Private Health","2022/05/20 00:00:00","164"
"free state","Public Health","2022/11/07 00:00:00","216"
"northern cape","Public Health","2022/11/01 00:00:00","232"
"kwazulu-natal","Private Health","2022/04/18 00:00:00","153"
"northern cape","Public Health","2021/12/20 00:00:00","786"
"mpumalanga","Public Health","2022/07/23 00:00:00","54"
"northern cape","Public Health","2021/12/16 00:00:00","24"
"north west","Public Health","2022/09/23 00:00:00","186"
"mpumalanga","Public Health","2021/12/27 00:00:00","186"
"kwazulu-natal","Public Health","2022/02/02 00:00:00","8428"
"north west","Private Health","2021/12/04 00:00:00","714"
"north west","Private Health","2022/05/21 00:00:00","93"
"free state","Private Health","2022/10/18 00:00:00","67"
"eastern cape","Private Health","2021/10/13 00:00:00","3645"
"limpopo","Public Health","2022/09/03 00:00:00","17"
"limpopo","Public Health","2022/08/12 00:00:00","909"
"western cape","Private Health","2022/01/26 00:00:00","4432"
"mpumalanga","Private Health","2021/08/15 00:00:00","39"
"western cape","Private Health","2022/06/08 00:00:00","1181"
"western cape","Private Health","2022/01/17 00:00:00","6488"
"limpopo","Public Health","2022/11/08 00:00:00","1014"
"western cape","Private Health","2022/09/20 00:00:00","33"
"eastern cape","Public Health","2022/04/22 00:00:00","6066"
"limpopo","Private Health","2022/01/27 00:00:00","1059"
"limpopo","Public Health","2021/08/18 00:00:00","19729"
"mpumalanga","Private Health","2021/11/10 00:00:00","1426"
"mpumalanga","Private Health","2022/02/18 00:00:00","955"
"northern cape","Public Health","2021/07/14 00:00:00","3807"
"eastern cape","Private Health","2021/09/23 00:00:00","3580"
"western cape","Private Health","2022/04/16 00:00:00","464"
"mpumalanga","Private Health","2021/09/12 00:00:00","33"
"limpopo","Private Health","2022/04/03 00:00:00","33"
"western cape","Private Health","2022/01/11 00:00:00","5053"
"free state","Private Health","2021/03/02 00:00:00","40"
"eastern cape","Public Health","2021/11/03 00:00:00","18107"
"kwazulu-natal","Private Health","2022/03/02 00:00:00","3722"
"gauteng","Public Health","2022/09/25 00:00:00","41"
"limpopo","Private Health","2022/11/27 00:00:00","5"
"kwazulu-natal","Private Health","2022/12/04 00:00:00","2"
"free state","Public Health","2022/10/04 00:00:00","357"
"eastern cape","Public Health","2021/11/14 00:00:00","5211"
"north west","Private Health","2022/07/19 00:00:00","87"
"eastern cape","Public Health","2021/06/01 00:00:00","2483"
"mpumalanga","Public Health","2021/06/21 00:00:00","4304"
"mpumalanga","Public Health","2022/12/08 00:00:00","367"
"gauteng","Private Health","2022/03/29 00:00:00","10430"
"limpopo","Public Health","2021/08/27 00:00:00","18124"
"north west","Private Health","2021/08/20 00:00:00","5334"
"free state","Public Health","2021/03/10 00:00:00","855"
"western cape","Private Health","2022/04/19 00:00:00","2368"
"mpumalanga","Public Health","2022/08/26 00:00:00","578"
"kwazulu-natal","Public Health","2022/07/07 00:00:00","2793"
"gauteng","Private Health","2021/04/29 00:00:00","1773"
"western cape","Private Health","2021/10/07 00:00:00","13602"
"north west","Private Health","2021/05/27 00:00:00","381"
"gauteng","Public Health","2022/08/10 00:00:00","1689"
"gauteng","Public Health","2022/12/04 00:00:00","29"
"free state","Public Health","2022/09/09 00:00:00","440"
"free state","Private Health","2022/02/03 00:00:00","743"
"kwazulu-natal","Private Health","2022/07/27 00:00:00","156"
"western cape","Private Health","2022/06/06 00:00:00","1228"
"free state","Private Health","2022/12/08 00:00:00","8"
"north west","Public Health","2021/05/12 00:00:00","30"
"mpumalanga","Public Health","2022/03/15 00:00:00","5101"
"western cape","Public Health","2021/08/30 00:00:00","27968"
"north west","Public Health","2022/11/09 00:00:00","422"
"eastern cape","Public Health","2021/11/28 00:00:00","742"
"limpopo","Private Health","2021/09/28 00:00:00","4387"
"kwazulu-natal","Private Health","2022/05/06 00:00:00","1521"
"gauteng","Public Health","2021/06/06 00:00:00","50"
"eastern cape","Private Health","2022/01/07 00:00:00","1804"
"eastern cape","Public Health","2022/10/04 00:00:00","1069"
"north west","Public Health","2022/05/21 00:00:00","401"
"kwazulu-natal","Private Health","2021/09/28 00:00:00","6527"
"free state","Public Health","2022/08/15 00:00:00","660"
"free state","Private Health","2021/07/31 00:00:00","322"
"mpumalanga","Private Health","2022/01/15 00:00:00","443"
"western cape","Public Health","2022/03/08 00:00:00","8600"
"free state","Private Health","2021/09/28 00:00:00","2494"
"kwazulu-natal","Private Health","2022/05/13 00:00:00","1517"
"free state","Private Health","2021/12/07 00:00:00","1855"
"limpopo","Public Health","2022/05/10 00:00:00","7109"
"kwazulu-natal","Private Health","2021/06/03 00:00:00","781"
"limpopo","Public Health","2022/10/13 00:00:00","1141"
"limpopo","Public Health","2022/12/11 00:00:00","6"
"free state","Public Health","2022/01/26 00:00:00","5159"
"mpumalanga","Public Health","2021/07/11 00:00:00","495"
"mpumalanga","Public Health","2021/07/07 00:00:00","7822"
"limpopo","Private Health","2021/11/30 00:00:00","3597"
"gauteng","Public Health","2021/07/01 00:00:00","20088"
"northern cape","Public Health","2022/11/03 00:00:00","256"
"limpopo","Public Health","2021/11/02 00:00:00","13435"
"free state","Private Health","2022/03/31 00:00:00","1016"
"limpopo","Public Health","2022/08/27 00:00:00","30"
"eastern cape","Private Health","2022/09/10 00:00:00","21"
"gauteng","Public Health","2022/02/08 00:00:00","12879"
"western cape","Private Health","2022/03/03 00:00:00","6470"
"north west","Public Health","2022/07/10 00:00:00","243"
"western cape","Private Health","2021/03/09 00:00:00","305"
"mpumalanga","Private Health","2021/05/20 00:00:00","1"
"free state","Public Health","2022/02/16 00:00:00","5146"
"western cape","Private Health","2021/08/28 00:00:00","4414"
"northern cape","Public Health","2022/10/28 00:00:00","235"
"gauteng","Public Health","2021/12/24 00:00:00","4772"
"northern cape","Private Health","2021/10/20 00:00:00","910"
"northern cape","Private Health","2021/11/08 00:00:00","894"
"eastern cape","Public Health","2022/03/23 00:00:00","9625"
"northern cape","Private Health","2021/06/17 00:00:00","133"
"gauteng","Private Health","2021/10/01 00:00:00","30667"
"kwazulu-natal","Public Health","2022/08/28 00:00:00","66"
"kwazulu-natal","Public Health","2021/09/18 00:00:00","5194"
"northern cape","Public Health","2021/04/09 00:00:00","109"
"gauteng","Private Health","2022/06/19 00:00:00","71"
"free state","Public Health","2022/07/27 00:00:00","1024"
"northern cape","Public Health","2021/11/04 00:00:00","3303"
"north west","Public Health","2022/03/09 00:00:00","5107"
"north west","Private Health","2022/01/07 00:00:00","1250"
"gauteng","Public Health","2022/02/21 00:00:00","15366"
"northern cape","Private Health","2022/10/03 00:00:00","11"
"gauteng","Private Health","2022/07/11 00:00:00","1402"
"free state","Public Health","2021/12/16 00:00:00","6"
"north west","Private Health","2022/05/01 00:00:00","1"
"free state","Private Health","2021/12/31 00:00:00","357"
"limpopo","Public Health","2022/07/18 00:00:00","837"
"kwazulu-natal","Private Health","2022/09/14 00:00:00","48"
"limpopo","Public Health","2021/06/01 00:00:00","6148"
"mpumalanga","Private Health","2022/07/05 00:00:00","231"
"western cape","Public Health","2022/02/03 00:00:00","5106"
"gauteng","Private Health","2021/03/18 00:00:00","266"
"mpumalanga","Public Health","2022/03/21 00:00:00","250"
"limpopo","Private Health","2021/10/31 00:00:00","21"
"northern cape","Private Health","2021/06/01 00:00:00","9"
"northern cape","Public Health","2021/12/13 00:00:00","1846"
"northern cape","Public Health","2022/08/12 00:00:00","263"
"north west","Public Health","2022/11/29 00:00:00","478"
"eastern cape","Public Health","2022/08/10 00:00:00","2958"
"western cape","Private Health","2022/06/04 00:00:00","455"
"mpumalanga","Public Health","2021/04/30 00:00:00","351"
"eastern cape","Private Health","2021/12/23 00:00:00","862"
"eastern cape","Public Health","2022/03/14 00:00:00","6428"
"northern cape","Private Health","2021/06/08 00:00:00","126"
"limpopo","Public Health","2022/10/20 00:00:00","1257"
"north west","Public Health","2022/02/24 00:00:00","4317"
"free state","Private Health","2022/07/02 00:00:00","16"
"north west","Public Health","2022/01/28 00:00:00","3548"
"limpopo","Public Health","2021/07/04 00:00:00","2"
"limpopo","Public Health","2021/10/09 00:00:00","2270"
"northern cape","Public Health","2022/03/01 00:00:00","1363"
"western cape","Private Health","2022/03/08 00:00:00","5470"
"northern cape","Public Health","2022/05/12 00:00:00","1357"
"limpopo","Private Health","2022/08/09 00:00:00","7"
"eastern cape","Public Health","2021/09/12 00:00:00","1616"
"kwazulu-natal","Public Health","2022/07/14 00:00:00","2183"
"northern cape","Private Health","2022/08/04 00:00:00","22"
"northern cape","Private Health","2021/12/30 00:00:00","223"
"kwazulu-natal","Public Health","2022/01/12 00:00:00","12968"
"northern cape","Private Health","2022/01/12 00:00:00","755"
"north west","Public Health","2021/04/13 00:00:00","353"
"northern cape","Public Health","2021/03/02 00:00:00","215"
"gauteng","Public Health","2022/01/14 00:00:00","15318"
"mpumalanga","Public Health","2022/06/09 00:00:00","3391"
"mpumalanga","Private Health","2022/06/26 00:00:00","2"
"western cape","Private Health","2022/10/04 00:00:00","55"
"western cape","Public Health","2022/07/14 00:00:00","819"
"gauteng","Private Health","2022/03/17 00:00:00","9727"
"kwazulu-natal","Private Health","2021/08/03 00:00:00","7904"
"western cape","Private Health","2022/10/06 00:00:00","28"
"north west","Public Health","2021/10/11 00:00:00","8814"
"mpumalanga","Private Health","2021/12/18 00:00:00","155"
"western cape","Private Health","2021/02/27 00:00:00","365"
"northern cape","Public Health","2022/10/03 00:00:00","93"
"eastern cape","Private Health","2021/10/09 00:00:00","1080"
"gauteng","Public Health","2021/12/17 00:00:00","14926"
"eastern cape","Public Health","2022/09/08 00:00:00","2540"
"mpumalanga","Public Health","2022/04/13 00:00:00","5194"
"north west","Public Health","2022/09/07 00:00:00","216"
"northern cape","Public Health","2021/06/14 00:00:00","815"
"mpumalanga","Public Health","2022/04/15 00:00:00","232"
"northern cape","Private Health","2022/08/29 00:00:00","19"
"free state","Public Health","2022/06/07 00:00:00","2292"
"western cape","Public Health","2021/10/24 00:00:00","57"
"mpumalanga","Public Health","2021/05/15 00:00:00","168"
"northern cape","Private Health","2022/08/06 00:00:00","5"
"limpopo","Private Health","2021/12/30 00:00:00","1090"
"eastern cape","Public Health","2021/05/17 00:00:00","3093"
"kwazulu-natal","Private Health","2022/09/26 00:00:00","39"
"northern cape","Private Health","2022/11/02 00:00:00","2"
"limpopo","Public Health","2021/03/02 00:00:00","212"
"eastern cape","Private Health","2022/07/09 00:00:00","28"
"northern cape","Private Health","2022/10/12 00:00:00","29"
"free state","Public Health","2022/04/20 00:00:00","3508"
"gauteng","Public Health","2022/01/27 00:00:00","12486"
"kwazulu-natal","Public Health","2021/05/06 00:00:00","1921"
"limpopo","Private Health","2022/08/31 00:00:00","143"
"limpopo","Public Health","2021/10/31 00:00:00","64"
"western cape","Private Health","2021/03/11 00:00:00","513"
"limpopo","Public Health","2022/11/09 00:00:00","1461"
"eastern cape","Private Health","2021/12/06 00:00:00","2917"
"kwazulu-natal","Public Health","2021/07/03 00:00:00","2431"
"limpopo","Private Health","2022/01/13 00:00:00","1604"
"gauteng","Private Health","2022/03/09 00:00:00","10301"
"north west","Private Health","2022/12/01 00:00:00","20"
"northern cape","Private Health","2021/03/11 00:00:00","79"
"free state","Private Health","2021/11/20 00:00:00","282"
"kwazulu-natal","Public Health","2022/05/19 00:00:00","15767"
"eastern cape","Public Health","2021/08/22 00:00:00","1170"
"mpumalanga","Public Health","2022/09/30 00:00:00","655"
"kwazulu-natal","Private Health","2022/06/05 00:00:00","38"
"eastern cape","Private Health","2021/09/09 00:00:00","5038"
"northern cape","Private Health","2022/03/16 00:00:00","371"
"western cape","Private Health","2022/08/05 00:00:00","348"
"eastern cape","Private Health","2022/09/15 00:00:00","14"
"north west","Public Health","2022/11/23 00:00:00","518"
"northern cape","Public Health","2022/06/26 00:00:00","1"
"western cape","Private Health","2022/06/09 00:00:00","1148"
"eastern cape","Public Health","2021/04/01 00:00:00","931"
"eastern cape","Private Health","2022/06/04 00:00:00","96"
"kwazulu-natal","Private Health","2022/07/23 00:00:00","108"
"kwazulu-natal","Public Health","2021/09/19 00:00:00","3298"
"gauteng","Private Health","2022/06/26 00:00:00","85"
"eastern cape","Private Health","2022/03/31 00:00:00","1605"
"eastern cape","Public Health","2022/08/14 00:00:00","10"
"north west","Public Health","2021/12/20 00:00:00","3488"
"limpopo","Private Health","2022/03/18 00:00:00","1523"
"kwazulu-natal","Private Health","2022/06/03 00:00:00","721"
"north west","Public Health","2021/04/01 00:00:00","120"
"mpumalanga","Public Health","2021/07/03 00:00:00","19"
"free state","Public Health","2021/12/13 00:00:00","3971"
"free state","Public Health","2022/11/01 00:00:00","310"
"kwazulu-natal","Public Health","2022/03/25 00:00:00","9009"
"gauteng","Private Health","2021/11/24 00:00:00","15648"
"eastern cape","Private Health","2021/11/19 00:00:00","3294"
"western cape","Public Health","2022/07/26 00:00:00","919"
"free state","Public Health","2021/10/04 00:00:00","7871"
"eastern cape","Private Health","2022/07/31 00:00:00","3"
"kwazulu-natal","Public Health","2021/07/05 00:00:00","25343"
"north west","Private Health","2022/08/18 00:00:00","67"
"western cape","Public Health","2021/06/18 00:00:00","10458"
"western cape","Private Health","2022/03/18 00:00:00","5246"
"western cape","Public Health","2022/07/20 00:00:00","899"
"gauteng","Private Health","2021/10/07 00:00:00","30426"
"western cape","Public Health","2021/08/31 00:00:00","30793"
"limpopo","Public Health","2021/11/26 00:00:00","7595"
"free state","Private Health","2022/05/09 00:00:00","498"
"limpopo","Public Health","2021/11/19 00:00:00","5972"
"northern cape","Public Health","2021/02/28 00:00:00","146"
"northern cape","Public Health","2022/01/06 00:00:00","946"
"western cape","Public Health","2022/06/23 00:00:00","1522"
"mpumalanga","Private Health","2021/10/24 00:00:00","78"
"free state","Private Health","2022/04/18 00:00:00","68"
"north west","Private Health","2022/05/07 00:00:00","185"
"mpumalanga","Public Health","2022/10/28 00:00:00","657"
"gauteng","Public Health","2022/08/08 00:00:00","1204"
"northern cape","Private Health","2021/08/31 00:00:00","1040"
"kwazulu-natal","Public Health","2021/11/25 00:00:00","13549"
"northern cape","Private Health","2021/09/25 00:00:00","53"
"limpopo","Public Health","2021/12/07 00:00:00","12854"
"eastern cape","Public Health","2021/05/04 00:00:00","835"
"mpumalanga","Private Health","2022/03/14 00:00:00","827"
"western cape","Private Health","2021/09/30 00:00:00","9043"
"gauteng","Public Health","2021/10/01 00:00:00","23342"
"limpopo","Private Health","2022/09/20 00:00:00","91"
"limpopo","Private Health","2022/01/18 00:00:00","1579"
"eastern cape","Public Health","2021/07/28 00:00:00","21660"
"kwazulu-natal","Public Health","2022/03/07 00:00:00","13485"
"limpopo","Public Health","2021/08/22 00:00:00","414"
"eastern cape","Private Health","2021/08/24 00:00:00","6199"
"free state","Public Health","2022/06/10 00:00:00","1945"
"western cape","Private Health","2022/02/04 00:00:00","4754"
"kwazulu-natal","Public Health","2021/05/21 00:00:00","21094"
"eastern cape","Public Health","2022/02/01 00:00:00","5572"
"mpumalanga","Public Health","2022/04/20 00:00:00","4730"
"free state","Private Health","2021/07/19 00:00:00","2273"
"eastern cape","Public Health","2022/11/24 00:00:00","1947"
"eastern cape","Public Health","2022/01/28 00:00:00","4720"
"mpumalanga","Public Health","2022/05/01 00:00:00","35"
"western cape","Private Health","2022/02/19 00:00:00","1162"
"gauteng","Private Health","2022/02/21 00:00:00","8512"
"western cape","Public Health","2022/01/01 00:00:00","9"
"limpopo","Private Health","2021/08/25 00:00:00","4747"
"free state","Private Health","2022/03/23 00:00:00","974"
"northern cape","Private Health","2021/10/31 00:00:00","1"
"kwazulu-natal","Public Health","2021/11/13 00:00:00","8993"
"eastern cape","Private Health","2022/08/21 00:00:00","2"
"gauteng","Public Health","2021/07/09 00:00:00","28947"
"gauteng","Private Health","2021/06/29 00:00:00","5477"
"limpopo","Private Health","2021/10/12 00:00:00","4489"
"western cape","Public Health","2022/03/06 00:00:00","138"
"western cape","Public Health","2022/03/05 00:00:00","1022"
"limpopo","Private Health","2021/11/04 00:00:00","3023"
"limpopo","Public Health","2022/08/15 00:00:00","1435"
"north west","Public Health","2021/07/10 00:00:00","1615"
"western cape","Private Health","2022/11/21 00:00:00","10"
"eastern cape","Public Health","2022/11/21 00:00:00","1306"
"gauteng","Public Health","2021/08/16 00:00:00","26500"
"north west","Private Health","2021/12/02 00:00:00","2198"
"mpumalanga","Private Health","2022/09/12 00:00:00","52"
"northern cape","Private Health","2021/11/13 00:00:00","402"
"mpumalanga","Private Health","2021/08/23 00:00:00","3706"
"gauteng","Public Health","2021/07/03 00:00:00","217"
"mpumalanga","Private Health","2021/08/10 00:00:00","2185"
"north west","Public Health","2022/10/21 00:00:00","379"
"north west","Public Health","2022/08/23 00:00:00","276"
"mpumalanga","Public Health","2022/04/23 00:00:00","465"
"western cape","Public Health","2021/03/17 00:00:00","1677"
"free state","Private Health","2022/10/19 00:00:00","124"
"gauteng","Public Health","2021/06/25 00:00:00","17372"
"free state","Public Health","2022/09/10 00:00:00","8"
"western cape","Private Health","2022/05/27 00:00:00","1657"
"northern cape","Private Health","2021/08/01 00:00:00","1"
"gauteng","Public Health","2021/06/30 00:00:00","20952"
"mpumalanga","Public Health","2022/06/21 00:00:00","3410"
"eastern cape","Private Health","2022/04/26 00:00:00","1009"
"western cape","Private Health","2021/08/09 00:00:00","258"
"eastern cape","Public Health","2022/03/04 00:00:00","6274"
"kwazulu-natal","Public Health","2021/04/11 00:00:00","1"
"limpopo","Public Health","2021/07/12 00:00:00","20379"
"kwazulu-natal","Private Health","2022/09/19 00:00:00","63"
"free state","Private Health","2022/09/12 00:00:00","45"
"eastern cape","Private Health","2022/01/19 00:00:00","1542"
"gauteng","Public Health","2022/06/25 00:00:00","243"
"limpopo","Public Health","2022/11/24 00:00:00","947"
"kwazulu-natal","Private Health","2021/08/13 00:00:00","6300"
"limpopo","Public Health","2021/02/25 00:00:00","1290"
"northern cape","Private Health","2022/04/06 00:00:00","323"
"north west","Private Health","2021/06/11 00:00:00","242"
"gauteng","Public Health","2022/10/14 00:00:00","1027"
"gauteng","Public Health","2021/11/15 00:00:00","23109"
"kwazulu-natal","Public Health","2021/06/18 00:00:00","10539"
"free state","Private Health","2022/02/18 00:00:00","1022"
"western cape","Private Health","2021/12/10 00:00:00","7590"
"limpopo","Public Health","2022/01/23 00:00:00","47"
"kwazulu-natal","Private Health","2021/08/10 00:00:00","7212"
"free state","Private Health","2022/10/11 00:00:00","39"
"northern cape","Private Health","2022/04/16 00:00:00","32"
"northern cape","Public Health","2022/04/05 00:00:00","577"
"north west","Private Health","2022/03/23 00:00:00","1558"
"north west","Public Health","2022/10/24 00:00:00","361"
"north west","Public Health","2021/06/12 00:00:00","447"
"kwazulu-natal","Public Health","2021/06/28 00:00:00","17676"
"eastern cape","Public Health","2021/08/10 00:00:00","19998"
"free state","Private Health","2022/03/17 00:00:00","968"
"eastern cape","Private Health","2021/07/04 00:00:00","1"
"gauteng","Public Health","2022/10/26 00:00:00","1462"
"western cape","Public Health","2022/05/08 00:00:00","1"
"western cape","Public Health","2021/06/02 00:00:00","14377"
"north west","Public Health","2021/12/21 00:00:00","3260"
"north west","Public Health","2021/10/30 00:00:00","5078"
"gauteng","Public Health","2022/08/30 00:00:00","1249"
"gauteng","Public Health","2022/06/14 00:00:00","4597"
"kwazulu-natal","Public Health","2021/04/06 00:00:00","2"
"free state","Private Health","2021/08/14 00:00:00","474"
"kwazulu-natal","Public Health","2021/09/08 00:00:00","17505"
"free state","Private Health","2022/09/13 00:00:00","57"
"gauteng","Public Health","2022/03/08 00:00:00","18505"
"western cape","Public Health","2021/03/16 00:00:00","1370"
"kwazulu-natal","Public Health","2021/05/19 00:00:00","18652"
"western cape","Public Health","2022/02/05 00:00:00","520"
"limpopo","Private Health","2022/01/19 00:00:00","1328"
"north west","Private Health","2022/03/05 00:00:00","424"
"gauteng","Public Health","2022/11/28 00:00:00","1506"
"free state","Public Health","2022/04/10 00:00:00","15"
"gauteng","Public Health","2021/12/09 00:00:00","25813"
"free state","Private Health","2022/08/15 00:00:00","45"
"kwazulu-natal","Public Health","2021/09/29 00:00:00","14157"
"gauteng","Public Health","2021/03/16 00:00:00","1714"
"eastern cape","Public Health","2022/10/05 00:00:00","1423"
"gauteng","Public Health","2022/08/24 00:00:00","1210"
"northern cape","Public Health","2021/12/04 00:00:00","1763"
"north west","Private Health","2022/05/26 00:00:00","485"
"gauteng","Public Health","2022/06/17 00:00:00","3541"
"eastern cape","Private Health","2022/06/05 00:00:00","3"
"northern cape","Public Health","2022/05/18 00:00:00","1450"
"eastern cape","Private Health","2022/10/26 00:00:00","29"
"kwazulu-natal","Public Health","2022/08/27 00:00:00","103"
"kwazulu-natal","Private Health","2021/10/14 00:00:00","6931"
"limpopo","Private Health","2022/05/30 00:00:00","495"
"limpopo","Public Health","2022/09/17 00:00:00","12"
"eastern cape","Public Health","2022/05/27 00:00:00","4362"
"western cape","Public Health","2022/06/27 00:00:00","1175"
"gauteng","Public Health","2021/03/31 00:00:00","1995"
"kwazulu-natal","Private Health","2021/03/25 00:00:00","900"
"gauteng","Public Health","2022/07/07 00:00:00","2043"
"limpopo","Private Health","2021/09/16 00:00:00","6160"
"mpumalanga","Private Health","2022/08/08 00:00:00","54"
"mpumalanga","Private Health","2022/10/10 00:00:00","5"
"western cape","Private Health","2022/03/12 00:00:00","1559"
"mpumalanga","Public Health","2021/07/18 00:00:00","29"
"kwazulu-natal","Private Health","2021/08/01 00:00:00","1385"
"limpopo","Public Health","2022/11/04 00:00:00","988"
"mpumalanga","Private Health","2022/04/01 00:00:00","693"
"western cape","Public Health","2022/05/03 00:00:00","2647"
"north west","Public Health","2021/11/14 00:00:00","5005"
"gauteng","Public Health","2022/02/14 00:00:00","13653"
"gauteng","Private Health","2022/01/20 00:00:00","11838"
"gauteng","Public Health","2021/03/03 00:00:00","1172"
"kwazulu-natal","Public Health","2021/07/15 00:00:00","5595"
"free state","Public Health","2021/12/26 00:00:00","1"
"free state","Public Health","2022/01/03 00:00:00","2794"
"gauteng","Public Health","2022/12/08 00:00:00","1440"
"limpopo","Private Health","2021/05/08 00:00:00","177"
"free state","Private Health","2021/10/13 00:00:00","2975"
"mpumalanga","Private Health","2022/06/24 00:00:00","268"
"north west","Public Health","2022/09/21 00:00:00","285"
"western cape","Private Health","2022/09/26 00:00:00","94"
"western cape","Private Health","2021/12/03 00:00:00","8613"
"mpumalanga","Private Health","2021/07/29 00:00:00","2278"
"western cape","Public Health","2021/09/29 00:00:00","16881"
"limpopo","Private Health","2021/09/19 00:00:00","45"
"northern cape","Private Health","2021/09/14 00:00:00","1144"
"eastern cape","Public Health","2021/03/04 00:00:00","481"
"north west","Private Health","2022/10/12 00:00:00","38"
"limpopo","Private Health","2022/10/31 00:00:00","30"
"free state","Public Health","2021/03/02 00:00:00","510"
"free state","Private Health","2021/11/19 00:00:00","1562"
"western cape","Private Health","2021/11/02 00:00:00","8971"
"northern cape","Public Health","2022/09/16 00:00:00","251"
"free state","Public Health","2021/09/06 00:00:00","8302"
"limpopo","Private Health","2021/06/26 00:00:00","24"
"kwazulu-natal","Private Health","2022/05/22 00:00:00","54"
"eastern cape","Private Health","2021/05/19 00:00:00","229"
"western cape","Public Health","2022/06/18 00:00:00","38"
"gauteng","Private Health","2022/09/18 00:00:00","5"
"gauteng","Private Health","2022/06/21 00:00:00","2342"
"northern cape","Public Health","2022/07/19 00:00:00","759"
"north west","Public Health","2022/04/05 00:00:00","2684"
"northern cape","Private Health","2022/06/12 00:00:00","5"
"mpumalanga","Public Health","2022/11/25 00:00:00","367"
"western cape","Public Health","2021/05/11 00:00:00","2795"
"gauteng","Public Health","2021/12/04 00:00:00","11612"
"kwazulu-natal","Public Health","2021/11/08 00:00:00","12252"
"gauteng","Private Health","2022/03/04 00:00:00","15610"
"mpumalanga","Public Health","2022/03/31 00:00:00","4944"
"free state","Public Health","2022/09/20 00:00:00","487"
"western cape","Public Health","2021/08/09 00:00:00","1226"
"mpumalanga","Public Health","2022/03/10 00:00:00","6116"
"western cape","Public Health","2021/06/25 00:00:00","8017"
"northern cape","Public Health","2021/12/23 00:00:00","338"
"gauteng","Public Health","2022/02/05 00:00:00","2422"
"mpumalanga","Private Health","2022/03/25 00:00:00","911"
"northern cape","Private Health","2022/09/01 00:00:00","16"
"mpumalanga","Private Health","2022/06/18 00:00:00","80"
"kwazulu-natal","Private Health","2022/09/05 00:00:00","73"
"limpopo","Private Health","2021/10/22 00:00:00","4740"
"western cape","Public Health","2022/08/15 00:00:00","939"
"northern cape","Public Health","2021/05/26 00:00:00","634"
"mpumalanga","Public Health","2021/04/05 00:00:00","1"
"mpumalanga","Private Health","2022/03/11 00:00:00","867"
"mpumalanga","Private Health","2022/11/21 00:00:00","1"
"kwazulu-natal","Private Health","2022/02/13 00:00:00","167"
"kwazulu-natal","Public Health","2021/08/08 00:00:00","3492"
"eastern cape","Public Health","2022/08/16 00:00:00","2535"
"free state","Private Health","2021/06/18 00:00:00","191"
"eastern cape","Public Health","2021/11/15 00:00:00","14927"
"eastern cape","Private Health","2021/11/27 00:00:00","672"
"limpopo","Public Health","2021/11/13 00:00:00","4521"
"eastern cape","Public Health","2021/12/13 00:00:00","6902"
"northern cape","Public Health","2022/07/13 00:00:00","819"
"western cape","Public Health","2021/08/14 00:00:00","2213"
"northern cape","Public Health","2022/11/21 00:00:00","184"
"western cape","Public Health","2022/01/27 00:00:00","6566"
"northern cape","Private Health","2021/12/19 00:00:00","79"
"mpumalanga","Public Health","2022/10/29 00:00:00","15"
"north west","Public Health","2022/02/22 00:00:00","4324"
"free state","Private Health","2022/10/25 00:00:00","9"
"western cape","Private Health","2022/05/16 00:00:00","1899"
"free state","Public Health","2022/05/10 00:00:00","3280"
"mpumalanga","Public Health","2021/11/10 00:00:00","6887"
"northern cape","Public Health","2022/10/12 00:00:00","227"
"northern cape","Private Health","2021/07/15 00:00:00","435"
"free state","Public Health","2021/12/22 00:00:00","3386"
"gauteng","Public Health","2021/07/12 00:00:00","29633"
"eastern cape","Public Health","2021/11/08 00:00:00","8861"
"mpumalanga","Public Health","2022/09/19 00:00:00","752"
"north west","Public Health","2021/11/17 00:00:00","6182"
"kwazulu-natal","Private Health","2022/04/03 00:00:00","232"
"free state","Public Health","2021/11/09 00:00:00","7821"
"kwazulu-natal","Public Health","2022/06/03 00:00:00","5639"
"mpumalanga","Private Health","2021/06/26 00:00:00","19"
"mpumalanga","Private Health","2022/01/02 00:00:00","3"
"free state","Private Health","2021/11/08 00:00:00","1606"
"gauteng","Public Health","2022/04/28 00:00:00","9621"
"kwazulu-natal","Public Health","2021/03/25 00:00:00","1558"
"kwazulu-natal","Public Health","2022/06/07 00:00:00","6922"
"north west","Private Health","2022/06/13 00:00:00","241"
"north west","Public Health","2022/01/18 00:00:00","3840"
"eastern cape","Private Health","2021/11/21 00:00:00","94"
"kwazulu-natal","Private Health","2022/09/06 00:00:00","97"
"mpumalanga","Private Health","2022/05/07 00:00:00","87"
"gauteng","Private Health","2022/03/30 00:00:00","11356"
"gauteng","Private Health","2021/06/28 00:00:00","5150"
"north west","Public Health","2021/04/09 00:00:00","10"
"western cape","Private Health","2021/09/17 00:00:00","16030"
"northern cape","Private Health","2021/08/23 00:00:00","1148"
"free state","Public Health","2021/11/14 00:00:00","917"
"northern cape","Public Health","2021/07/23 00:00:00","3843"
"kwazulu-natal","Public Health","2022/01/03 00:00:00","8251"
"limpopo","Public Health","2022/07/17 00:00:00","4"
"gauteng","Private Health","2022/02/13 00:00:00","335"
"mpumalanga","Private Health","2021/06/04 00:00:00","225"
"limpopo","Public Health","2021/05/28 00:00:00","6663"
"western cape","Private Health","2022/12/01 00:00:00","18"
"free state","Public Health","2022/01/12 00:00:00","3825"
"eastern cape","Public Health","2022/12/07 00:00:00","1205"
"gauteng","Public Health","2022/02/09 00:00:00","13647"
"limpopo","Private Health","2022/11/05 00:00:00","3"
"gauteng","Public Health","2022/11/16 00:00:00","1519"
"western cape","Public Health","2021/12/25 00:00:00","8"
"northern cape","Private Health","2022/08/25 00:00:00","8"
"western cape","Private Health","2022/06/03 00:00:00","1325"
"north west","Private Health","2021/12/21 00:00:00","1201"
"kwazulu-natal","Public Health","2022/01/02 00:00:00","302"
"northern cape","Public Health","2021/08/10 00:00:00","3474"
"mpumalanga","Private Health","2022/11/25 00:00:00","5"
"free state","Public Health","2021/02/27 00:00:00","304"
"northern cape","Public Health","2022/01/04 00:00:00","723"
"eastern cape","Public Health","2021/05/14 00:00:00","3279"
"northern cape","Public Health","2021/03/30 00:00:00","138"
"northern cape","Private Health","2021/12/17 00:00:00","399"
"gauteng","Public Health","2022/08/27 00:00:00","103"
"north west","Private Health","2022/11/25 00:00:00","9"
"limpopo","Private Health","2022/09/07 00:00:00","137"
"northern cape","Private Health","2021/06/25 00:00:00","152"
"gauteng","Public Health","2021/06/23 00:00:00","17972"
"kwazulu-natal","Public Health","2021/10/10 00:00:00","4564"
"eastern cape","Private Health","2021/12/08 00:00:00","2553"
"north west","Private Health","2022/10/11 00:00:00","27"
"northern cape","Public Health","2022/04/18 00:00:00","2"
"free state","Private Health","2021/09/07 00:00:00","2926"
"northern cape","Private Health","2022/09/13 00:00:00","5"
"free state","Private Health","2021/11/04 00:00:00","2140"
"northern cape","Private Health","2021/10/30 00:00:00","192"
"kwazulu-natal","Public Health","2022/11/13 00:00:00","13"
"eastern cape","Public Health","2022/06/01 00:00:00","5665"
"kwazulu-natal","Private Health","2022/06/09 00:00:00","516"
"kwazulu-natal","Public Health","2022/07/11 00:00:00","2245"
"north west","Public Health","2021/06/03 00:00:00","3925"
"northern cape","Public Health","2022/01/11 00:00:00","1183"
"mpumalanga","Private Health","2021/11/26 00:00:00","1553"
"gauteng","Private Health","2021/10/09 00:00:00","8722"
"mpumalanga","Private Health","2021/09/03 00:00:00","3538"
"gauteng","Private Health","2021/03/29 00:00:00","3"
"gauteng","Private Health","2022/11/12 00:00:00","76"
"mpumalanga","Public Health","2021/12/28 00:00:00","2836"
"eastern cape","Private Health","2022/03/07 00:00:00","2093"
"mpumalanga","Private Health","2022/06/11 00:00:00","42"
"gauteng","Public Health","2022/08/07 00:00:00","39"
"gauteng","Private Health","2021/08/17 00:00:00","22258"
"eastern cape","Public Health","2021/02/26 00:00:00","699"
"western cape","Public Health","2022/12/01 00:00:00","715"
"kwazulu-natal","Public Health","2022/07/03 00:00:00","224"
"north west","Private Health","2021/09/01 00:00:00","4839"
"western cape","Private Health","2022/10/27 00:00:00","24"
"western cape","Private Health","2022/09/25 00:00:00","2"
"free state","Private Health","2022/07/09 00:00:00","5"
"kwazulu-natal","Private Health","2022/10/05 00:00:00","31"
"gauteng","Private Health","2022/08/23 00:00:00","512"
"kwazulu-natal","Private Health","2022/01/09 00:00:00","471"
"eastern cape","Private Health","2021/06/02 00:00:00","946"
"western cape","Private Health","2021/09/20 00:00:00","9580"
"free state","Private Health","2022/04/05 00:00:00","773"
"free state","Public Health","2021/10/14 00:00:00","11689"
"eastern cape","Public Health","2022/02/19 00:00:00","503"
"limpopo","Public Health","2022/03/27 00:00:00","26"
"limpopo","Private Health","2021/09/25 00:00:00","367"
"kwazulu-natal","Public Health","2022/02/01 00:00:00","9197"
"north west","Public Health","2021/03/27 00:00:00","70"
"north west","Public Health","2022/08/22 00:00:00","220"
"northern cape","Private Health","2022/07/21 00:00:00","38"
"western cape","Private Health","2022/05/04 00:00:00","2239"
"eastern cape","Public Health","2022/07/06 00:00:00","2037"
"eastern cape","Public Health","2022/08/15 00:00:00","2575"
"free state","Public Health","2022/05/02 00:00:00","40"
"northern cape","Private Health","2021/10/14 00:00:00","1152"
"western cape","Private Health","2021/02/26 00:00:00","4"
"gauteng","Private Health","2021/06/09 00:00:00","8026"
"limpopo","Private Health","2021/07/20 00:00:00","2930"
"eastern cape","Public Health","2022/08/23 00:00:00","2508"
"kwazulu-natal","Public Health","2022/08/11 00:00:00","2270"
"northern cape","Public Health","2022/03/03 00:00:00","1158"
"kwazulu-natal","Private Health","2022/08/11 00:00:00","140"
"north west","Private Health","2021/06/03 00:00:00","276"
"mpumalanga","Public Health","2021/03/09 00:00:00","290"
"eastern cape","Private Health","2022/08/04 00:00:00","80"
"western cape","Private Health","2021/12/06 00:00:00","7342"
"mpumalanga","Private Health","2021/03/30 00:00:00","152"
"northern cape","Private Health","2022/01/28 00:00:00","504"
"eastern cape","Private Health","2021/02/28 00:00:00","195"
"north west","Public Health","2021/11/13 00:00:00","6530"
"kwazulu-natal","Public Health","2022/11/19 00:00:00","55"
"northern cape","Public Health","2022/08/19 00:00:00","148"
"gauteng","Private Health","2021/10/02 00:00:00","14710"
"free state","Public Health","2021/05/24 00:00:00","1139"
"mpumalanga","Private Health","2022/11/02 00:00:00","4"
"north west","Private Health","2021/06/23 00:00:00","180"
"mpumalanga","Public Health","2022/08/16 00:00:00","969"
"gauteng","Private Health","2021/11/13 00:00:00","10458"
"limpopo","Private Health","2022/04/05 00:00:00","1362"
"kwazulu-natal","Private Health","2022/07/09 00:00:00","178"
"north west","Public Health","2021/05/18 00:00:00","1977"
"kwazulu-natal","Public Health","2022/06/27 00:00:00","2833"
"north west","Private Health","2022/09/08 00:00:00","51"
"mpumalanga","Private Health","2022/01/23 00:00:00","333"
"mpumalanga","Private Health","2022/05/14 00:00:00","84"
"free state","Public Health","2022/07/16 00:00:00","9"
"eastern cape","Public Health","2022/10/28 00:00:00","404"
"free state","Private Health","2021/09/25 00:00:00","621"
"limpopo","Private Health","2022/10/13 00:00:00","113"
"free state","Private Health","2021/09/22 00:00:00","2447"
"free state","Private Health","2022/03/12 00:00:00","152"
"north west","Private Health","2021/07/05 00:00:00","775"
"eastern cape","Public Health","2021/03/30 00:00:00","1217"
"free state","Private Health","2022/03/01 00:00:00","1346"
"eastern cape","Public Health","2022/02/06 00:00:00","175"
"kwazulu-natal","Private Health","2021/08/30 00:00:00","9309"
"limpopo","Private Health","2021/03/09 00:00:00","4"
"kwazulu-natal","Public Health","2022/09/27 00:00:00","919"
"north west","Private Health","2022/11/21 00:00:00","34"
"western cape","Public Health","2021/06/24 00:00:00","7818"
"limpopo","Private Health","2022/08/04 00:00:00","130"
"limpopo","Private Health","2021/05/27 00:00:00","737"
"north west","Public Health","2022/10/06 00:00:00","289"
"eastern cape","Private Health","2021/03/24 00:00:00","278"
"mpumalanga","Private Health","2022/03/18 00:00:00","792"
"gauteng","Private Health","2022/08/10 00:00:00","602"
"gauteng","Private Health","2022/06/27 00:00:00","2162"
"northern cape","Public Health","2021/05/02 00:00:00","10"
"eastern cape","Private Health","2022/01/31 00:00:00","1636"
"north west","Private Health","2021/03/12 00:00:00","239"
"gauteng","Public Health","2022/05/31 00:00:00","5611"
"north west","Private Health","2021/07/30 00:00:00","2727"
"north west","Private Health","2022/04/16 00:00:00","158"
"kwazulu-natal","Public Health","2022/05/23 00:00:00","8147"
"gauteng","Private Health","2021/07/08 00:00:00","21863"
"gauteng","Private Health","2022/02/09 00:00:00","8343"
"gauteng","Private Health","2022/08/22 00:00:00","601"
"northern cape","Public Health","2021/07/07 00:00:00","3265"
"mpumalanga","Private Health","2022/04/29 00:00:00","588"
"gauteng","Public Health","2021/07/16 00:00:00","29397"
"western cape","Private Health","2022/07/01 00:00:00","584"
"kwazulu-natal","Private Health","2022/04/12 00:00:00","221"
"free state","Private Health","2022/04/28 00:00:00","765"
"limpopo","Private Health","2021/11/03 00:00:00","3679"
"kwazulu-natal","Private Health","2022/04/17 00:00:00","38"
"northern cape","Public Health","2021/11/28 00:00:00","105"
"western cape","Private Health","2022/11/02 00:00:00","32"
"western cape","Public Health","2021/05/20 00:00:00","2294"
"eastern cape","Public Health","2022/03/28 00:00:00","6919"
"western cape","Private Health","2021/10/30 00:00:00","3344"
"eastern cape","Public Health","2021/07/30 00:00:00","16428"
"eastern cape","Public Health","2022/02/15 00:00:00","6405"
"free state","Public Health","2022/11/10 00:00:00","311"
"limpopo","Public Health","2021/03/10 00:00:00","538"
"eastern cape","Private Health","2021/06/19 00:00:00","30"
"gauteng","Public Health","2021/09/20 00:00:00","23475"
"north west","Private Health","2022/03/03 00:00:00","2109"
"mpumalanga","Private Health","2022/01/22 00:00:00","476"
"gauteng","Private Health","2021/03/02 00:00:00","2"
"eastern cape","Private Health","2022/06/29 00:00:00","386"
"limpopo","Private Health","2022/10/12 00:00:00","28"
"western cape","Private Health","2022/10/30 00:00:00","2"
"eastern cape","Public Health","2021/11/30 00:00:00","17331"
"free state","Private Health","2021/04/04 00:00:00","1"
"mpumalanga","Private Health","2021/07/10 00:00:00","62"
"northern cape","Public Health","2022/11/19 00:00:00","46"
"limpopo","Public Health","2021/09/29 00:00:00","13777"
"mpumalanga","Private Health","2022/11/24 00:00:00","1"
"kwazulu-natal","Public Health","2021/04/07 00:00:00","411"
"western cape","Private Health","2021/07/09 00:00:00","9149"
"mpumalanga","Public Health","2022/08/31 00:00:00","942"
"western cape","Private Health","2021/03/17 00:00:00","280"
"mpumalanga","Private Health","2021/12/14 00:00:00","1612"
"northern cape","Public Health","2021/03/08 00:00:00","89"
"eastern cape","Public Health","2022/01/30 00:00:00","63"
"mpumalanga","Private Health","2021/10/30 00:00:00","427"
"north west","Private Health","2021/08/06 00:00:00","3501"
"western cape","Public Health","2021/10/17 00:00:00","4"
"western cape","Private Health","2021/09/19 00:00:00","640"
"limpopo","Private Health","2022/06/23 00:00:00","246"
"limpopo","Private Health","2022/02/11 00:00:00","989"
"limpopo","Public Health","2022/10/09 00:00:00","30"
"free state","Private Health","2021/12/12 00:00:00","51"
"mpumalanga","Private Health","2022/01/18 00:00:00","1031"
"western cape","Public Health","2022/08/18 00:00:00","823"
"gauteng","Private Health","2021/02/21 00:00:00","410"
"gauteng","Public Health","2021/03/19 00:00:00","1006"
"free state","Public Health","2021/12/28 00:00:00","3157"
"limpopo","Private Health","2021/09/29 00:00:00","4253"
"kwazulu-natal","Public Health","2021/11/12 00:00:00","15305"
"western cape","Public Health","2022/02/07 00:00:00","4148"
"north west","Public Health","2022/11/14 00:00:00","434"
"western cape","Public Health","2022/08/09 00:00:00","16"
"kwazulu-natal","Public Health","2022/05/02 00:00:00","914"
"eastern cape","Private Health","2021/09/18 00:00:00","385"
"northern cape","Private Health","2022/04/18 00:00:00","22"
"northern cape","Private Health","2022/02/03 00:00:00","294"
"northern cape","Private Health","2022/08/05 00:00:00","10"
"mpumalanga","Private Health","2022/05/18 00:00:00","360"
"northern cape","Public Health","2022/06/09 00:00:00","1205"
"western cape","Private Health","2022/08/31 00:00:00","186"
"western cape","Public Health","2021/02/24 00:00:00","1536"
"gauteng","Private Health","2022/11/25 00:00:00","277"
"free state","Private Health","2022/07/29 00:00:00","74"
"gauteng","Public Health","2022/09/18 00:00:00","3"
"mpumalanga","Public Health","2022/05/24 00:00:00","4012"
"western cape","Public Health","2021/06/19 00:00:00","27"
"eastern cape","Public Health","2021/09/16 00:00:00","19114"
"eastern cape","Public Health","2021/10/03 00:00:00","6241"
"western cape","","2022/10/20 00:00:00","2"
"western cape","Private Health","2021/12/13 00:00:00","5405"
"western cape","Private Health","2022/05/10 00:00:00","1868"
"gauteng","Public Health","2022/01/03 00:00:00","12767"
"free state","Public Health","2021/08/18 00:00:00","7823"
"mpumalanga","Private Health","2022/06/17 00:00:00","300"
"western cape","Public Health","2022/10/04 00:00:00","418"
"northern cape","Public Health","2022/09/14 00:00:00","180"
"gauteng","Private Health","2022/07/29 00:00:00","1123"
"north west","Private Health","2022/12/10 00:00:00","0"
"limpopo","Private Health","2021/06/25 00:00:00","223"
"mpumalanga","Public Health","2021/08/18 00:00:00","7546"
"limpopo","Public Health","2022/07/11 00:00:00","1033"
"eastern cape","Private Health","2021/11/30 00:00:00","3635"
"eastern cape","Private Health","2021/08/08 00:00:00","13"
"mpumalanga","Private Health","2021/08/31 00:00:00","3677"
"north west","Private Health","2021/09/07 00:00:00","4468"
"limpopo","Public Health","2021/09/06 00:00:00","13758"
"gauteng","Public Health","2021/06/01 00:00:00","13062"
"north west","Private Health","2022/11/22 00:00:00","20"
"mpumalanga","Private Health","2022/01/08 00:00:00","335"
"northern cape","Private Health","2021/09/06 00:00:00","902"
"north west","Private Health","2022/01/21 00:00:00","1468"
"limpopo","Public Health","2021/09/21 00:00:00","14163"
"mpumalanga","Public Health","2022/10/31 00:00:00","655"
"free state","Private Health","2022/11/26 00:00:00","36"
"eastern cape","Private Health","2022/04/05 00:00:00","1045"
"eastern cape","Public Health","2022/02/08 00:00:00","5436"
"eastern cape","Public Health","2021/11/09 00:00:00","12822"
"northern cape","Public Health","2021/03/07 00:00:00","112"
"western cape","Public Health","2021/10/10 00:00:00","142"
"eastern cape","Private Health","2022/10/21 00:00:00","5"
"limpopo","Public Health","2021/11/09 00:00:00","10414"
"north west","Private Health","2021/07/17 00:00:00","916"
"mpumalanga","Private Health","2021/06/25 00:00:00","300"
"limpopo","Private Health","2022/11/21 00:00:00","40"
"mpumalanga","Public Health","2021/05/12 00:00:00","495"
"north west","Private Health","2022/04/10 00:00:00","9"
"north west","Private Health","2022/06/08 00:00:00","291"
"eastern cape","Public Health","2022/11/04 00:00:00","1695"
"kwazulu-natal","Public Health","2022/07/17 00:00:00","197"
"kwazulu-natal","Private Health","2022/08/19 00:00:00","163"
"gauteng","Public Health","2022/10/07 00:00:00","936"
"north west","Private Health","2021/11/24 00:00:00","1933"
"northern cape","Public Health","2022/09/24 00:00:00","2"
"gauteng","Private Health","2022/02/11 00:00:00","9618"
"eastern cape","Private Health","2022/04/30 00:00:00","323"
"kwazulu-natal","Public Health","2021/09/30 00:00:00","13634"
"limpopo","Public Health","2021/10/01 00:00:00","16425"
"mpumalanga","Private Health","2021/08/22 00:00:00","87"
"limpopo","Private Health","2021/08/18 00:00:00","3493"
"mpumalanga","Private Health","2021/06/02 00:00:00","293"
"gauteng","Public Health","2021/10/24 00:00:00","3590"
"western cape","Private Health","2021/11/21 00:00:00","228"
"north west","Public Health","2021/12/03 00:00:00","7805"
"western cape","Public Health","2021/12/08 00:00:00","13168"
"limpopo","Public Health","2022/01/29 00:00:00","278"
"eastern cape","Private Health","2021/05/20 00:00:00","463"
"eastern cape","Public Health","2021/11/18 00:00:00","11778"
"northern cape","Public Health","2022/04/04 00:00:00","433"
"kwazulu-natal","Private Health","2021/07/01 00:00:00","3790"
"western cape","Private Health","2021/04/30 00:00:00","765"
"limpopo","Private Health","2022/09/22 00:00:00","129"
"eastern cape","Public Health","2022/11/30 00:00:00","1741"
"gauteng","Private Health","2021/06/10 00:00:00","7132"
"kwazulu-natal","Public Health","2022/12/08 00:00:00","541"
"north west","Public Health","2022/01/10 00:00:00","3786"
"gauteng","Public Health","2022/12/07 00:00:00","1242"
"eastern cape","Private Health","2022/03/04 00:00:00","2599"
"gauteng","Public Health","2022/08/29 00:00:00","1262"
"eastern cape","Public Health","2022/11/17 00:00:00","2236"
"free state","Public Health","2021/06/30 00:00:00","5267"
"western cape","Public Health","2022/08/03 00:00:00","1007"
"north west","Public Health","2021/07/23 00:00:00","10590"
"limpopo","Public Health","2022/10/01 00:00:00","2"
"free state","Public Health","2022/08/10 00:00:00","776"
"limpopo","Private Health","2021/07/30 00:00:00","3470"
"gauteng","Public Health","2021/06/04 00:00:00","10079"
"kwazulu-natal","Private Health","2022/11/01 00:00:00","29"
"gauteng","Public Health","2022/10/11 00:00:00","1191"
"western cape","Public Health","2022/02/22 00:00:00","6043"
"limpopo","Private Health","2021/11/07 00:00:00","10"
"western cape","Private Health","2021/06/19 00:00:00","304"
"eastern cape","Private Health","2021/07/20 00:00:00","5085"
"northern cape","Public Health","2022/02/01 00:00:00","662"
"kwazulu-natal","Public Health","2021/11/18 00:00:00","12818"
"north west","Private Health","2021/11/13 00:00:00","652"
"gauteng","Private Health","2021/02/24 00:00:00","789"
"gauteng","Public Health","2021/07/27 00:00:00","38044"
"mpumalanga","Private Health","2022/03/12 00:00:00","193"
"north west","Public Health","2022/06/21 00:00:00","1405"
"free state","Public Health","2022/11/26 00:00:00","2"
"western cape","Public Health","2022/05/01 00:00:00","18"
"mpumalanga","Public Health","2021/04/06 00:00:00","240"
"gauteng","Private Health","2022/05/07 00:00:00","2708"
"mpumalanga","Public Health","2021/12/04 00:00:00","4076"
"limpopo","Private Health","2022/10/17 00:00:00","49"
"limpopo","Private Health","2021/06/19 00:00:00","37"
"northern cape","Private Health","2021/12/03 00:00:00","880"
"western cape","Private Health","2021/07/19 00:00:00","11984"
"eastern cape","Public Health","2022/09/10 00:00:00","27"
"mpumalanga","Public Health","2021/02/23 00:00:00","2"
"north west","Private Health","2021/08/01 00:00:00","267"
"free state","Private Health","2022/01/24 00:00:00","944"
"gauteng","Private Health","2021/07/09 00:00:00","24293"
"limpopo","Private Health","2022/11/25 00:00:00","31"
"limpopo","Public Health","2021/08/17 00:00:00","17525"
"eastern cape","Public Health","2021/03/08 00:00:00","230"
"western cape","Public Health","2022/11/16 00:00:00","665"
"gauteng","Public Health","2021/10/20 00:00:00","33408"
"western cape","Private Health","2022/07/14 00:00:00","494"
"north west","Public Health","2021/11/26 00:00:00","5261"
"northern cape","Private Health","2021/12/08 00:00:00","838"
"gauteng","Private Health","2022/06/07 00:00:00","2254"
"northern cape","Private Health","2021/10/15 00:00:00","1566"
"eastern cape","Private Health","2022/07/07 00:00:00","188"
"kwazulu-natal","Public Health","2021/05/24 00:00:00","20369"
"kwazulu-natal","Private Health","2021/05/13 00:00:00","1033"
"free state","Public Health","2021/11/16 00:00:00","7568"
"eastern cape","Public Health","2022/04/14 00:00:00","2263"
"kwazulu-natal","Private Health","2022/05/21 00:00:00","596"
"eastern cape","Private Health","2021/12/02 00:00:00","3261"
"gauteng","Private Health","2021/08/26 00:00:00","34645"
"limpopo","Private Health","2022/04/26 00:00:00","1002"
"limpopo","Public Health","2022/03/24 00:00:00","8006"
"western cape","Private Health","2021/08/14 00:00:00","2124"
"northern cape","Public Health","2021/02/23 00:00:00","294"
"western cape","Private Health","2022/02/11 00:00:00","4282"
"limpopo","Public Health","2021/10/21 00:00:00","25746"
"western cape","Public Health","2022/04/26 00:00:00","4005"
"mpumalanga","Public Health","2022/06/10 00:00:00","2489"
"northern cape","Private Health","2022/07/08 00:00:00","49"
"north west","Private Health","2022/02/18 00:00:00","1068"
"kwazulu-natal","Public Health","2022/12/05 00:00:00","507"
"gauteng","Public Health","2021/08/19 00:00:00","29479"
"north west","Public Health","2021/08/26 00:00:00","9925"
"kwazulu-natal","Public Health","2022/04/27 00:00:00","1340"
"gauteng","Public Health","2022/04/15 00:00:00","447"
"eastern cape","Public Health","2021/10/12 00:00:00","20453"
"kwazulu-natal","Private Health","2021/12/10 00:00:00","4956"
"northern cape","Public Health","2022/04/08 00:00:00","1112"
"kwazulu-natal","Private Health","2022/08/21 00:00:00","6"
"gauteng","Private Health","2022/07/01 00:00:00","1910"
"free state","Private Health","2021/06/27 00:00:00","24"
"free state","Public Health","2021/11/20 00:00:00","635"
"eastern cape","Private Health","2022/12/08 00:00:00","16"
"eastern cape","Private Health","2021/09/07 00:00:00","4634"
"western cape","Private Health","2021/06/23 00:00:00","3697"
"limpopo","Public Health","2022/01/25 00:00:00","7023"
"mpumalanga","Public Health","2022/01/21 00:00:00","3912"
"free state","Public Health","2021/05/25 00:00:00","3288"
"northern cape","Private Health","2021/08/11 00:00:00","653"
"limpopo","Public Health","2021/12/20 00:00:00","6026"
"gauteng","Public Health","2022/10/21 00:00:00","1126"
"limpopo","Private Health","2021/08/12 00:00:00","2423"
"north west","Public Health","2022/06/11 00:00:00","564"
"free state","Public Health","2022/07/04 00:00:00","1043"
"eastern cape","Private Health","2022/09/28 00:00:00","38"
"kwazulu-natal","Private Health","2021/07/05 00:00:00","5487"
"western cape","Public Health","2022/08/17 00:00:00","869"
"gauteng","Private Health","2021/08/02 00:00:00","22696"
"free state","Public Health","2022/08/04 00:00:00","780"
"western cape","Public Health","2022/10/20 00:00:00","597"
"gauteng","Private Health","2022/03/08 00:00:00","11443"
"north west","Public Health","2021/06/09 00:00:00","3571"
"north west","Public Health","2022/01/01 00:00:00","206"
"limpopo","Private Health","2022/07/29 00:00:00","447"
"free state","Public Health","2021/04/12 00:00:00","20"
"mpumalanga","Public Health","2021/05/10 00:00:00","62"
"eastern cape","Private Health","2022/05/26 00:00:00","547"
"northern cape","Public Health","2022/01/15 00:00:00","76"
"north west","Private Health","2022/08/29 00:00:00","52"
"north west","Private Health","2022/05/30 00:00:00","343"
"mpumalanga","Public Health","2022/07/02 00:00:00","48"
"mpumalanga","Public Health","2021/12/30 00:00:00","2823"
"western cape","Private Health","2021/10/08 00:00:00","15967"
"eastern cape","Private Health","2021/07/13 00:00:00","3222"
"eastern cape","Public Health","2022/06/26 00:00:00","63"
"northern cape","Private Health","2021/12/02 00:00:00","857"
"eastern cape","Public Health","2022/05/04 00:00:00","7303"
"mpumalanga","Public Health","2021/05/05 00:00:00","247"
"limpopo","Public Health","2021/07/28 00:00:00","17791"
"mpumalanga","Public Health","2021/08/15 00:00:00","19"
"limpopo","Private Health","2022/05/17 00:00:00","838"
"gauteng","Private Health","2022/07/18 00:00:00","1188"
"kwazulu-natal","Public Health","2022/03/11 00:00:00","12430"
"eastern cape","Public Health","2022/01/01 00:00:00","7"
"western cape","Public Health","2022/03/16 00:00:00","7892"
"free state","Private Health","2022/01/08 00:00:00","133"
"mpumalanga","Public Health","2022/05/19 00:00:00","4539"
"limpopo","Private Health","2021/09/05 00:00:00","16"
"limpopo","Public Health","2022/08/26 00:00:00","673"
"gauteng","Private Health","2021/04/26 00:00:00","35"
"gauteng","Public Health","2021/12/22 00:00:00","12722"
"free state","Public Health","2021/07/07 00:00:00","8110"
"eastern cape","Private Health","2022/10/15 00:00:00","5"
"limpopo","Public Health","2022/07/24 00:00:00","9"
"free state","Private Health","2022/07/07 00:00:00","72"
"western cape","Public Health","2021/11/18 00:00:00","15077"
"free state","Private Health","2021/03/04 00:00:00","127"
"limpopo","Private Health","2021/10/02 00:00:00","1490"
"kwazulu-natal","Private Health","2022/10/27 00:00:00","23"
"free state","Public Health","2022/01/20 00:00:00","4892"
"kwazulu-natal","Private Health","2021/06/18 00:00:00","1396"
"eastern cape","Private Health","2021/03/29 00:00:00","352"
"western cape","Public Health","2021/03/04 00:00:00","1128"
"limpopo","Public Health","2021/09/04 00:00:00","7405"
"free state","Public Health","2022/11/03 00:00:00","331"
"mpumalanga","Public Health","2022/08/17 00:00:00","922"
"north west","Public Health","2021/08/23 00:00:00","9198"
"free state","Private Health","2022/05/01 00:00:00","31"
"kwazulu-natal","Public Health","2021/10/20 00:00:00","19875"
"kwazulu-natal","Public Health","2022/10/26 00:00:00","1047"
"gauteng","Public Health","2022/11/24 00:00:00","1606"
"limpopo","Public Health","2021/08/31 00:00:00","19891"
"northern cape","Private Health","2022/01/08 00:00:00","174"
"eastern cape","Public Health","2021/05/20 00:00:00","3349"
"north west","Public Health","2022/09/30 00:00:00","235"
"gauteng","Private Health","2022/05/04 00:00:00","4618"
"gauteng","Public Health","2022/09/29 00:00:00","1025"
"western cape","Public Health","2021/06/01 00:00:00","12993"
"western cape","Public Health","2021/04/29 00:00:00","1231"
"mpumalanga","Private Health","2021/03/25 00:00:00","200"
"north west","Public Health","2021/07/08 00:00:00","7523"
"mpumalanga","Private Health","2021/07/16 00:00:00","1992"
"limpopo","Public Health","2021/07/10 00:00:00","94"
"gauteng","Public Health","2022/07/01 00:00:00","1804"
"western cape","Private Health","2021/11/22 00:00:00","5813"
"northern cape","Private Health","2021/06/24 00:00:00","192"
"kwazulu-natal","Public Health","2021/12/12 00:00:00","2519"
"kwazulu-natal","Private Health","2021/12/08 00:00:00","3903"
"kwazulu-natal","Private Health","2022/10/22 00:00:00","7"
"western cape","Private Health","2022/07/04 00:00:00","577"
"kwazulu-natal","Public Health","2022/08/05 00:00:00","1821"
"gauteng","Public Health","2022/12/09 00:00:00","982"
"northern cape","Private Health","2022/03/31 00:00:00","331"
"gauteng","Public Health","2022/01/16 00:00:00","1104"
"limpopo","Public Health","2021/11/27 00:00:00","2314"
"mpumalanga","Private Health","2021/07/14 00:00:00","1485"
"eastern cape","Private Health","2022/04/09 00:00:00","362"
"north west","Private Health","2021/07/31 00:00:00","689"
"eastern cape","Public Health","2021/11/07 00:00:00","1448"
"western cape","Private Health","2022/01/04 00:00:00","3280"
"kwazulu-natal","Public Health","2021/07/19 00:00:00","35109"
"north west","Public Health","2021/05/22 00:00:00","572"
"gauteng","Public Health","2022/03/21 00:00:00","831"
"northern cape","Private Health","2022/02/24 00:00:00","528"
"limpopo","Private Health","2022/06/12 00:00:00","25"
"north west","Private Health","2021/05/05 00:00:00","1"
"limpopo","Private Health","2022/08/06 00:00:00","41"
"northern cape","Public Health","2022/02/13 00:00:00","75"
"northern cape","Public Health","2022/03/13 00:00:00","152"
"limpopo","Public Health","2021/05/14 00:00:00","1299"
"northern cape","Public Health","2022/03/20 00:00:00","60"
"kwazulu-natal","Private Health","2022/01/20 00:00:00","2627"
"north west","Public Health","2022/07/31 00:00:00","221"
"kwazulu-natal","Public Health","2021/07/06 00:00:00","31438"
"mpumalanga","Private Health","2022/08/04 00:00:00","70"
"northern cape","Private Health","2022/05/24 00:00:00","121"
"eastern cape","Public Health","2022/01/18 00:00:00","7689"
"limpopo","Private Health","2022/07/25 00:00:00","252"
"gauteng","Public Health","2022/04/19 00:00:00","7630"
"western cape","Public Health","2021/09/10 00:00:00","30726"
"free state","Private Health","2022/08/25 00:00:00","13"
"eastern cape","Private Health","2021/06/04 00:00:00","1224"
"kwazulu-natal","Private Health","2021/10/01 00:00:00","9582"
"limpopo","Private Health","2022/07/14 00:00:00","200"
"north west","Public Health","2021/12/24 00:00:00","937"
"western cape","Private Health","2021/07/27 00:00:00","13137"
"kwazulu-natal","Private Health","2022/11/05 00:00:00","14"
"north west","Private Health","2022/03/13 00:00:00","2"
"mpumalanga","Private Health","2022/02/16 00:00:00","623"
"free state","Public Health","2022/03/12 00:00:00","661"
"gauteng","Private Health","2021/04/04 00:00:00","1"
"western cape","Private Health","2021/04/01 00:00:00","561"
"northern cape","Public Health","2022/03/14 00:00:00","909"
"limpopo","Public Health","2021/10/29 00:00:00","13148"
"gauteng","Private Health","2021/06/02 00:00:00","8082"
"gauteng","Public Health","2021/11/09 00:00:00","22885"
"free state","Private Health","2021/08/18 00:00:00","2082"
"free state","Private Health","2022/08/10 00:00:00","58"
"eastern cape","Private Health","2022/01/02 00:00:00","16"
"northern cape","Public Health","2022/03/16 00:00:00","1600"
"free state","Private Health","2022/12/02 00:00:00","3"
"western cape","Private Health","2022/04/02 00:00:00","1220"
"limpopo","Public Health","2021/03/15 00:00:00","19"
"eastern cape","Private Health","2021/11/24 00:00:00","2497"
"western cape","Private Health","2022/11/10 00:00:00","28"
"mpumalanga","Public Health","2022/05/28 00:00:00","231"
"limpopo","Public Health","2022/01/20 00:00:00","6952"
"north west","Public Health","2022/09/06 00:00:00","173"
"gauteng","Public Health","2021/12/25 00:00:00","189"
"northern cape","Private Health","2022/05/22 00:00:00","110"
"mpumalanga","Public Health","2022/06/19 00:00:00","42"
"free state","Public Health","2022/02/18 00:00:00","5413"
"eastern cape","Public Health","2021/11/04 00:00:00","17707"
"north west","Public Health","2022/04/23 00:00:00","892"
"mpumalanga","Private Health","2022/04/20 00:00:00","443"
"limpopo","Private Health","2021/07/14 00:00:00","2092"
"gauteng","Public Health","2021/05/18 00:00:00","6159"
"eastern cape","Private Health","2022/10/28 00:00:00","23"
"mpumalanga","Public Health","2022/11/30 00:00:00","485"
"kwazulu-natal","Public Health","2021/05/13 00:00:00","2077"
"western cape","Public Health","2022/05/18 00:00:00","2870"
"northern cape","Public Health","2022/04/07 00:00:00","698"
"mpumalanga","Public Health","2022/10/11 00:00:00","337"
"northern cape","Private Health","2022/06/08 00:00:00","112"
"gauteng","Private Health","2021/11/09 00:00:00","15902"
"eastern cape","Public Health","2022/04/02 00:00:00","258"
"free state","Private Health","2022/11/25 00:00:00","15"
"mpumalanga","Private Health","2021/06/24 00:00:00","340"
"western cape","Private Health","2022/08/16 00:00:00","209"
"mpumalanga","Public Health","2021/03/19 00:00:00","115"
"gauteng","Private Health","2022/09/13 00:00:00","227"
"free state","Public Health","2022/02/24 00:00:00","6759"
"mpumalanga","Public Health","2021/06/28 00:00:00","4992"
"gauteng","Public Health","2022/11/25 00:00:00","1208"
"limpopo","Private Health","2022/05/03 00:00:00","911"
"northern cape","Public Health","2022/01/31 00:00:00","441"
"mpumalanga","Private Health","2022/06/07 00:00:00","228"
"gauteng","Public Health","2022/10/25 00:00:00","1358"
"gauteng","Private Health","2021/10/21 00:00:00","23012"
"eastern cape","Public Health","2022/03/30 00:00:00","8032"
"kwazulu-natal","Public Health","2022/07/18 00:00:00","2584"
"western cape","Public Health","2022/09/19 00:00:00","529"
"free state","Private Health","2022/03/08 00:00:00","943"
"gauteng","Public Health","2021/12/21 00:00:00","15040"
"kwazulu-natal","Private Health","2022/07/22 00:00:00","225"
"kwazulu-natal","Private Health","2022/09/15 00:00:00","31"
"western cape","Public Health","2022/02/16 00:00:00","5890"
"eastern cape","Private Health","2022/08/22 00:00:00","140"
"free state","Private Health","2022/02/23 00:00:00","1011"
"northern cape","Public Health","2022/11/30 00:00:00","238"
"free state","Public Health","2021/10/24 00:00:00","774"
"western cape","Private Health","2021/08/02 00:00:00","10939"
"kwazulu-natal","Private Health","2021/07/12 00:00:00","179"
"eastern cape","Private Health","2022/05/27 00:00:00","549"
"free state","Private Health","2022/01/06 00:00:00","1179"
"limpopo","Public Health","2022/03/16 00:00:00","6807"
"north west","Public Health","2022/02/03 00:00:00","3891"
"north west","Private Health","2021/10/07 00:00:00","4606"
"northern cape","Public Health","2021/09/26 00:00:00","184"
"gauteng","Public Health","2022/10/29 00:00:00","63"
"kwazulu-natal","Private Health","2022/08/28 00:00:00","2"
"free state","Private Health","2021/03/12 00:00:00","104"
"eastern cape","Private Health","2022/12/01 00:00:00","5"
"limpopo","Private Health","2022/11/02 00:00:00","52"
"free state","Public Health","2021/09/04 00:00:00","2299"
"free state","Private Health","2022/04/19 00:00:00","586"
"western cape","Public Health","2022/05/10 00:00:00","3131"
"kwazulu-natal","Private Health","2022/01/01 00:00:00","13"
"free state","Public Health","2021/11/06 00:00:00","1370"
"western cape","Public Health","2022/08/01 00:00:00","686"
"limpopo","Public Health","2022/12/07 00:00:00","700"
"free state","Public Health","2022/04/06 00:00:00","4061"
"northern cape","Public Health","2022/07/10 00:00:00","1"
"free state","Public Health","2022/09/26 00:00:00","330"
"kwazulu-natal","Private Health","2022/10/16 00:00:00","1"
"eastern cape","Public Health","2021/06/17 00:00:00","12599"
"free state","Public Health","2022/03/25 00:00:00","4935"
"limpopo","Private Health","2021/10/08 00:00:00","4905"
"north west","Public Health","2021/11/07 00:00:00","2786"
"western cape","Private Health","2022/06/01 00:00:00","844"
"northern cape","Private Health","2021/03/17 00:00:00","46"
"north west","Public Health","2021/04/29 00:00:00","316"
"mpumalanga","Public Health","2021/10/03 00:00:00","2507"
"kwazulu-natal","Private Health","2022/08/06 00:00:00","67"
"north west","Private Health","2021/11/09 00:00:00","2337"
"free state","Private Health","2022/11/27 00:00:00","68"
"gauteng","Private Health","2022/06/05 00:00:00","126"
"free state","Public Health","2021/06/21 00:00:00","3996"
"western cape","Private Health","2021/11/16 00:00:00","7211"
"kwazulu-natal","Public Health","2021/07/17 00:00:00","4842"
"northern cape","Public Health","2021/09/02 00:00:00","5020"
"mpumalanga","Private Health","2021/08/28 00:00:00","441"
"kwazulu-natal","Public Health","2022/04/20 00:00:00","8180"
"eastern cape","Public Health","2021/08/01 00:00:00","1043"
"western cape","Private Health","2021/07/22 00:00:00","10983"
"mpumalanga","Private Health","2021/09/19 00:00:00","30"
"western cape","Private Health","2022/02/16 00:00:00","3969"
"northern cape","Private Health","2022/10/13 00:00:00","1"
"gauteng","Public Health","2021/03/07 00:00:00","1"
"north west","Public Health","2022/11/24 00:00:00","516"
"eastern cape","Public Health","2022/01/10 00:00:00","5079"
"north west","Private Health","2022/04/15 00:00:00","27"
"northern cape","Public Health","2022/04/29 00:00:00","835"
"northern cape","Private Health","2022/01/03 00:00:00","315"
"gauteng","Public Health","2022/04/05 00:00:00","7636"
"limpopo","Private Health","2021/11/16 00:00:00","2306"
"northern cape","Private Health","2022/04/23 00:00:00","64"
"eastern cape","Public Health","2022/02/16 00:00:00","6911"
"eastern cape","Private Health","2021/07/17 00:00:00","765"
"eastern cape","Public Health","2022/02/11 00:00:00","5306"
"gauteng","Public Health","2021/11/03 00:00:00","27949"
"kwazulu-natal","Private Health","2022/02/02 00:00:00","2194"
"gauteng","Private Health","2022/01/09 00:00:00","561"
"eastern cape","Public Health","2022/03/19 00:00:00","325"
"kwazulu-natal","Private Health","2021/08/27 00:00:00","10915"
"northern cape","Private Health","2022/11/01 00:00:00","19"
"gauteng","Private Health","2022/10/17 00:00:00","214"
"limpopo","Private Health","2022/05/13 00:00:00","667"
"eastern cape","Private Health","2021/10/04 00:00:00","3945"
"kwazulu-natal","Private Health","2021/11/09 00:00:00","3997"
"kwazulu-natal","Public Health","2021/11/24 00:00:00","14154"
"gauteng","Private Health","2022/02/17 00:00:00","7376"
"eastern cape","Private Health","2022/09/24 00:00:00","6"
"free state","Public Health","2021/11/30 00:00:00","11634"
"kwazulu-natal","Private Health","2022/11/30 00:00:00","26"
"kwazulu-natal","Private Health","2022/01/03 00:00:00","3133"
"north west","Private Health","2022/08/24 00:00:00","68"
"northern cape","Public Health","2022/06/16 00:00:00","367"
"kwazulu-natal","Public Health","2022/03/28 00:00:00","8815"
"western cape","Public Health","2022/04/05 00:00:00","3156"
"northern cape","Private Health","2021/08/26 00:00:00","1044"
"kwazulu-natal","Public Health","2021/06/16 00:00:00","3237"
"limpopo","Private Health","2022/04/17 00:00:00","35"
"north west","Public Health","2022/03/28 00:00:00","3820"
"mpumalanga","Public Health","2022/10/19 00:00:00","895"
"kwazulu-natal","Public Health","2022/10/14 00:00:00","665"
"north west","Public Health","2022/01/22 00:00:00","1900"
"mpumalanga","Public Health","2022/11/03 00:00:00","665"
"north west","Private Health","2022/10/04 00:00:00","33"
"north west","Private Health","2021/06/20 00:00:00","2"
"mpumalanga","Private Health","2022/01/03 00:00:00","986"
"gauteng","Public Health","2022/09/17 00:00:00","131"
"limpopo","Public Health","2021/05/20 00:00:00","4665"
"free state","Public Health","2022/02/15 00:00:00","4535"
"gauteng","Private Health","2022/01/26 00:00:00","10866"
"eastern cape","Public Health","2022/11/29 00:00:00","1830"
"northern cape","Private Health","2022/07/02 00:00:00","67"
"kwazulu-natal","Public Health","2021/12/07 00:00:00","14210"
"gauteng","Public Health","2021/03/09 00:00:00","1567"
"gauteng","Public Health","2021/06/26 00:00:00","212"
"free state","Private Health","2022/07/01 00:00:00","114"
"eastern cape","Public Health","2021/09/06 00:00:00","17511"
"gauteng","Private Health","2022/08/12 00:00:00","784"
"free state","Public Health","2021/11/25 00:00:00","7521"
"north west","Public Health","2021/06/21 00:00:00","3417"
"western cape","Public Health","2021/11/17 00:00:00","13861"
"kwazulu-natal","Private Health","2021/04/28 00:00:00","1120"
"mpumalanga","Public Health","2022/09/17 00:00:00","33"
"western cape","Public Health","2022/12/10 00:00:00","28"
"eastern cape","Public Health","2021/09/27 00:00:00","15227"
"northern cape","Private Health","2021/07/21 00:00:00","879"
"kwazulu-natal","Private Health","2021/06/13 00:00:00","4"
"kwazulu-natal","Private Health","2021/12/07 00:00:00","4639"
"gauteng","Public Health","2021/06/17 00:00:00","13547"
"limpopo","Public Health","2022/09/23 00:00:00","581"
"gauteng","Public Health","2022/01/21 00:00:00","14705"
"north west","Public Health","2021/06/07 00:00:00","3607"
"north west","Private Health","2021/10/27 00:00:00","3485"
"free state","Private Health","2022/04/07 00:00:00","947"
"western cape","Private Health","2021/07/17 00:00:00","3268"
"gauteng","Private Health","2022/12/09 00:00:00","153"
"western cape","Private Health","2021/10/14 00:00:00","12036"
"limpopo","Private Health","2022/06/26 00:00:00","18"
"gauteng","Public Health","2021/09/17 00:00:00","30696"
"mpumalanga","Private Health","2021/10/05 00:00:00","3531"
"mpumalanga","Public Health","2021/11/27 00:00:00","1635"
"kwazulu-natal","Public Health","2021/10/17 00:00:00","4266"
"limpopo","Public Health","2021/10/24 00:00:00","567"
"gauteng","Private Health","2022/07/30 00:00:00","458"
"free state","Private Health","2021/07/25 00:00:00","1"
"free state","Private Health","2021/10/26 00:00:00","2414"
"gauteng","Private Health","2022/08/17 00:00:00","502"
"eastern cape","Public Health","2022/10/30 00:00:00","1"
"kwazulu-natal","Public Health","2021/06/29 00:00:00","18135"
"free state","Public Health","2021/05/10 00:00:00","333"
"north west","Public Health","2022/03/21 00:00:00","1118"
"northern cape","Public Health","2022/10/05 00:00:00","129"
"gauteng","Private Health","2021/06/05 00:00:00","472"
"western cape","Public Health","2021/08/04 00:00:00","23443"
"western cape","Public Health","2022/02/14 00:00:00","4819"
"free state","Private Health","2021/12/18 00:00:00","207"
"free state","Private Health","2022/01/07 00:00:00","1185"
"northern cape","Private Health","2021/12/14 00:00:00","534"
"north west","Public Health","2022/08/27 00:00:00","159"
"kwazulu-natal","Private Health","2021/03/30 00:00:00","1196"
"gauteng","Private Health","2022/05/24 00:00:00","3550"
"free state","Private Health","2021/06/10 00:00:00","106"
"western cape","Private Health","2022/11/23 00:00:00","19"
"free state","Private Health","2022/05/14 00:00:00","159"
"kwazulu-natal","Public Health","2021/11/07 00:00:00","3018"
"gauteng","Public Health","2021/02/20 00:00:00","326"
"western cape","Private Health","2022/09/27 00:00:00","48"
"kwazulu-natal","Private Health","2022/05/11 00:00:00","1109"
"western cape","Private Health","2021/03/15 00:00:00","313"
"gauteng","Public Health","2021/07/28 00:00:00","30488"
"kwazulu-natal","Public Health","2021/12/19 00:00:00","1467"
"eastern cape","Public Health","2022/07/17 00:00:00","7"
"gauteng","Public Health","2022/06/10 00:00:00","4458"
"limpopo","Private Health","2021/12/24 00:00:00","956"
"kwazulu-natal","Public Health","2021/06/01 00:00:00","16018"
"free state","Private Health","2021/09/12 00:00:00","1"
"north west","Private Health","2022/08/26 00:00:00","47"
"eastern cape","Private Health","2021/08/05 00:00:00","3834"
"free state","Private Health","2022/03/16 00:00:00","1013"
"western cape","Private Health","2022/02/17 00:00:00","4238"
"north west","Public Health","2022/12/07 00:00:00","373"
"eastern cape","Private Health","2021/07/19 00:00:00","5390"
"north west","Public Health","2022/03/05 00:00:00","1508"
"north west","Private Health","2021/11/25 00:00:00","1829"
"gauteng","Public Health","2022/01/13 00:00:00","14984"
"northern cape","Private Health","2021/06/07 00:00:00","78"
"mpumalanga","Public Health","2022/12/05 00:00:00","359"
"free state","Public Health","2022/07/12 00:00:00","1030"
"kwazulu-natal","Private Health","2021/07/22 00:00:00","6003"
"north west","Public Health","2021/12/02 00:00:00","8223"
"gauteng","Public Health","2022/03/07 00:00:00","17207"
"free state","Private Health","2022/07/14 00:00:00","102"
"western cape","Private Health","2022/06/29 00:00:00","719"
"northern cape","Private Health","2022/09/05 00:00:00","12"
"kwazulu-natal","Private Health","2022/03/01 00:00:00","3440"
"mpumalanga","Private Health","2022/01/29 00:00:00","606"
"gauteng","Public Health","2022/11/13 00:00:00","8"
"northern cape","Public Health","2022/03/11 00:00:00","1381"
"north west","Public Health","2022/06/06 00:00:00","1662"
"free state","Public Health","2022/02/12 00:00:00","1150"
"western cape","Private Health","2021/06/25 00:00:00","3301"
"eastern cape","Public Health","2022/02/13 00:00:00","45"
"free state","Public Health","2021/10/12 00:00:00","11178"
"western cape","Private Health","2021/08/23 00:00:00","17881"
"free state","Public Health","2021/04/01 00:00:00","72"
"mpumalanga","Public Health","2022/11/29 00:00:00","461"
"north west","Public Health","2021/11/28 00:00:00","2707"
"north west","Public Health","2022/12/12 00:00:00","78"
"mpumalanga","Public Health","2022/03/11 00:00:00","5175"
"kwazulu-natal","Private Health","2022/09/09 00:00:00","80"
"north west","Public Health","2021/02/19 00:00:00","695"
"kwazulu-natal","Private Health","2022/06/01 00:00:00","648"
"free state","Public Health","2021/06/15 00:00:00","5096"
"free state","Public Health","2022/11/19 00:00:00","2"
"eastern cape","Public Health","2022/07/20 00:00:00","1981"
"limpopo","Private Health","2022/04/19 00:00:00","902"
"free state","Public Health","2022/02/17 00:00:00","5586"
"kwazulu-natal","Private Health","2021/05/15 00:00:00","1"
"free state","Private Health","2021/08/20 00:00:00","3291"
"western cape","Public Health","2022/06/22 00:00:00","2054"
"north west","Private Health","2021/09/15 00:00:00","5533"
"gauteng","Public Health","2021/10/30 00:00:00","7947"
"western cape","Private Health","2022/07/27 00:00:00","247"
"free state","Private Health","2022/02/08 00:00:00","781"
"limpopo","Private Health","2022/11/10 00:00:00","98"
"limpopo","Public Health","2021/03/30 00:00:00","903"
"limpopo","Private Health","2022/03/10 00:00:00","1478"
"limpopo","Private Health","2022/06/17 00:00:00","389"
"eastern cape","Public Health","2022/09/12 00:00:00","2192"
"northern cape","Private Health","2021/12/05 00:00:00","78"
"kwazulu-natal","Public Health","2021/08/18 00:00:00","22652"
"north west","Private Health","2021/12/27 00:00:00","48"
"eastern cape","Public Health","2022/10/06 00:00:00","1088"
"western cape","Private Health","2021/03/03 00:00:00","110"
"eastern cape","Public Health","2022/11/01 00:00:00","1677"
"mpumalanga","Public Health","2022/06/28 00:00:00","1630"
"free state","Public Health","2021/04/08 00:00:00","501"
"kwazulu-natal","Public Health","2021/05/07 00:00:00","1909"
"northern cape","Public Health","2022/04/12 00:00:00","846"
"mpumalanga","Public Health","2021/12/13 00:00:00","4422"
"limpopo","Private Health","2021/11/15 00:00:00","2569"
"mpumalanga","Public Health","2021/10/28 00:00:00","8830"
"eastern cape","Public Health","2022/01/27 00:00:00","6778"
"northern cape","Private Health","2021/10/24 00:00:00","28"
"mpumalanga","Private Health","2021/10/25 00:00:00","1753"
"north west","Private Health","2022/08/17 00:00:00","62"
"north west","Public Health","2022/01/08 00:00:00","1341"
"north west","Public Health","2022/08/18 00:00:00","348"
"limpopo","Public Health","2022/10/30 00:00:00","6"
"kwazulu-natal","Private Health","2021/05/04 00:00:00","1659"
"limpopo","Public Health","2021/03/09 00:00:00","453"
"eastern cape","Public Health","2022/01/08 00:00:00","119"
"kwazulu-natal","Private Health","2021/12/20 00:00:00","2745"
"kwazulu-natal","Public Health","2022/03/31 00:00:00","8409"
"north west","Public Health","2021/03/10 00:00:00","235"
"gauteng","Private Health","2022/02/14 00:00:00","8499"
"gauteng","Private Health","2022/10/04 00:00:00","298"
"north west","Private Health","2022/10/15 00:00:00","1"
"limpopo","Public Health","2022/03/11 00:00:00","4846"
"mpumalanga","Public Health","2022/02/07 00:00:00","3549"
"mpumalanga","Public Health","2022/03/22 00:00:00","4780"
"kwazulu-natal","Public Health","2021/06/03 00:00:00","12207"
"northern cape","Private Health","2022/04/07 00:00:00","244"
"gauteng","Public Health","2022/03/30 00:00:00","13664"
"northern cape","Private Health","2022/06/18 00:00:00","43"
"limpopo","Private Health","2021/09/30 00:00:00","4171"
"limpopo","Private Health","2021/08/29 00:00:00","8"
"northern cape","Private Health","2022/02/01 00:00:00","328"
"free state","Public Health","2021/05/28 00:00:00","3631"
"free state","Public Health","2022/05/29 00:00:00","3"
"kwazulu-natal","Public Health","2022/04/09 00:00:00","3104"
"western cape","Private Health","2022/02/22 00:00:00","4617"
"north west","Private Health","2021/09/05 00:00:00","433"
"free state","Public Health","2022/07/09 00:00:00","44"
"limpopo","Private Health","2021/06/12 00:00:00","37"
"kwazulu-natal","Public Health","2022/05/29 00:00:00","585"
"mpumalanga","Public Health","2021/11/24 00:00:00","6018"
"western cape","Private Health","2021/11/30 00:00:00","8378"
"free state","Public Health","2021/04/10 00:00:00","2"
"eastern cape","Private Health","2021/12/12 00:00:00","57"
"northern cape","Private Health","2021/03/07 00:00:00","28"
"free state","Public Health","2022/02/28 00:00:00","6594"
"western cape","Public Health","2022/11/29 00:00:00","686"
"mpumalanga","Public Health","2022/11/27 00:00:00","25"
"limpopo","Public Health","2021/11/25 00:00:00","8428"
"northern cape","Public Health","2022/06/06 00:00:00","861"
"western cape","Public Health","2022/01/12 00:00:00","8795"
"northern cape","Public Health","2021/08/13 00:00:00","2508"
"eastern cape","Private Health","2022/06/10 00:00:00","406"
"limpopo","Public Health","2022/04/06 00:00:00","5167"
"northern cape","Private Health","2022/06/05 00:00:00","1"
"north west","Public Health","2021/11/20 00:00:00","4870"
"northern cape","Private Health","2022/11/04 00:00:00","8"
"kwazulu-natal","Private Health","2022/11/02 00:00:00","40"
"western cape","Public Health","2021/04/30 00:00:00","1595"
"gauteng","Private Health","2022/11/04 00:00:00","279"
"north west","Public Health","2022/08/03 00:00:00","196"
"western cape","Public Health","2022/02/01 00:00:00","5050"
"kwazulu-natal","Public Health","2022/07/10 00:00:00","252"
"eastern cape","Private Health","2022/09/16 00:00:00","12"
"eastern cape","Public Health","2022/11/12 00:00:00","42"
"eastern cape","Public Health","2022/09/25 00:00:00","3"
"kwazulu-natal","Private Health","2022/01/06 00:00:00","3364"
"free state","Private Health","2021/05/25 00:00:00","29"
"north west","Public Health","2021/06/08 00:00:00","3541"
"eastern cape","Private Health","2021/08/23 00:00:00","6517"
"limpopo","Public Health","2022/04/17 00:00:00","15"
"eastern cape","Private Health","2022/09/03 00:00:00","15"
"limpopo","Public Health","2022/09/28 00:00:00","897"
"gauteng","Private Health","2021/10/31 00:00:00","1478"
"gauteng","Private Health","2021/08/04 00:00:00","21915"
"mpumalanga","Public Health","2021/06/23 00:00:00","8884"
"gauteng","Private Health","2022/04/10 00:00:00","232"
"free state","Private Health","2022/06/16 00:00:00","16"
"north west","Private Health","2021/06/07 00:00:00","284"
"north west","Private Health","2022/02/01 00:00:00","971"
"mpumalanga","Private Health","2022/09/07 00:00:00","30"
"western cape","Private Health","2021/05/30 00:00:00","1"
"kwazulu-natal","Public Health","2021/06/30 00:00:00","29430"
"western cape","Private Health","2021/10/01 00:00:00","13670"
"northern cape","Public Health","2022/10/11 00:00:00","182"
"limpopo","Private Health","2021/11/27 00:00:00","829"
"western cape","Public Health","2022/04/11 00:00:00","3264"
"north west","Private Health","2022/03/18 00:00:00","1175"
"eastern cape","Private Health","2021/06/13 00:00:00","1"
"eastern cape","Public Health","2021/03/09 00:00:00","825"
"eastern cape","Public Health","2022/04/08 00:00:00","5648"
"eastern cape","Private Health","2022/02/24 00:00:00","1459"
"free state","Public Health","2022/08/09 00:00:00","4"
"mpumalanga","Public Health","2022/07/14 00:00:00","1689"
"kwazulu-natal","Public Health","2022/04/08 00:00:00","8726"
"eastern cape","Public Health","2022/02/07 00:00:00","5845"
"northern cape","Public Health","2022/11/15 00:00:00","259"
"kwazulu-natal","Public Health","2021/12/13 00:00:00","8974"
"north west","Public Health","2022/09/14 00:00:00","220"
"gauteng","Public Health","2022/06/23 00:00:00","3002"
"mpumalanga","Private Health","2021/09/24 00:00:00","289"
"kwazulu-natal","Private Health","2022/07/04 00:00:00","330"
"north west","Private Health","2021/11/22 00:00:00","1876"
"northern cape","Public Health","2021/06/10 00:00:00","807"
"free state","Private Health","2021/07/21 00:00:00","2391"
"western cape","Private Health","2022/09/01 00:00:00","155"
"mpumalanga","Private Health","2022/01/31 00:00:00","1200"
"kwazulu-natal","Public Health","2022/09/10 00:00:00","102"
"northern cape","Public Health","2021/02/24 00:00:00","363"
"north west","Private Health","2022/05/03 00:00:00","786"
"northern cape","Private Health","2021/08/10 00:00:00","566"
"western cape","Private Health","2022/11/19 00:00:00","12"
"eastern cape","Public Health","2022/06/14 00:00:00","5353"
"kwazulu-natal","Public Health","2022/06/06 00:00:00","6009"
"north west","Public Health","2021/08/28 00:00:00","4131"
"free state","Public Health","2021/10/13 00:00:00","11188"
"kwazulu-natal","Private Health","2021/12/13 00:00:00","4164"
"kwazulu-natal","Public Health","2022/12/06 00:00:00","619"
"north west","Public Health","2022/07/16 00:00:00","178"
"kwazulu-natal","Private Health","2021/09/06 00:00:00","7541"
"western cape","Public Health","2021/06/26 00:00:00","12"
"mpumalanga","Public Health","2022/07/25 00:00:00","1743"
"gauteng","Private Health","2022/11/19 00:00:00","49"
"kwazulu-natal","Public Health","2022/05/04 00:00:00","8280"
"limpopo","Public Health","2021/05/15 00:00:00","775"
"northern cape","Public Health","2021/11/07 00:00:00","7"
"free state","Public Health","2022/01/14 00:00:00","3917"
"north west","Private Health","2022/05/31 00:00:00","345"
"mpumalanga","Public Health","2021/07/10 00:00:00","996"
"mpumalanga","Private Health","2022/06/14 00:00:00","256"
"kwazulu-natal","Public Health","2022/05/18 00:00:00","15629"
"free state","Public Health","2021/08/08 00:00:00","581"
"kwazulu-natal","Private Health","2022/03/25 00:00:00","3066"
"gauteng","Private Health","2021/10/04 00:00:00","29347"
"mpumalanga","Private Health","2021/09/07 00:00:00","3367"
"western cape","Public Health","2022/07/05 00:00:00","899"
"free state","Private Health","2022/06/23 00:00:00","236"
"mpumalanga","Public Health","2022/08/18 00:00:00","924"
"western cape","Public Health","2022/01/11 00:00:00","8441"
"gauteng","Private Health","2022/08/04 00:00:00","636"
"free state","Public Health","2022/12/02 00:00:00","164"
"gauteng","Private Health","2021/09/18 00:00:00","7933"
"free state","Public Health","2021/05/06 00:00:00","89"
"northern cape","Public Health","2022/02/28 00:00:00","879"
"limpopo","Private Health","2022/02/18 00:00:00","1211"
"western cape","Private Health","2022/07/23 00:00:00","158"
"western cape","Public Health","2021/05/31 00:00:00","10278"
"northern cape","Public Health","2022/03/29 00:00:00","888"
"free state","Public Health","2022/04/30 00:00:00","280"
"limpopo","Private Health","2021/12/06 00:00:00","2247"
"western cape","Public Health","2022/04/28 00:00:00","3966"
"north west","Public Health","2022/08/29 00:00:00","234"
"northern cape","Public Health","2022/11/09 00:00:00","185"
"kwazulu-natal","Private Health","2021/08/31 00:00:00","8968"
"limpopo","Private Health","2022/08/16 00:00:00","262"
"northern cape","Public Health","2021/09/13 00:00:00","2885"
"free state","Public Health","2021/05/14 00:00:00","603"
"limpopo","Private Health","2021/09/23 00:00:00","4348"
"northern cape","Public Health","2021/11/27 00:00:00","91"
"limpopo","Public Health","2021/03/14 00:00:00","1"
"gauteng","Private Health","2022/12/05 00:00:00","92"
"gauteng","Private Health","2022/04/08 00:00:00","8748"
"western cape","Private Health","2022/02/23 00:00:00","5254"
"mpumalanga","Private Health","2021/10/11 00:00:00","3202"
"western cape","Private Health","2022/07/08 00:00:00","512"
"north west","Private Health","2022/09/28 00:00:00","40"
"limpopo","Public Health","2022/10/03 00:00:00","775"
"mpumalanga","Public Health","2022/12/02 00:00:00","453"
"eastern cape","Private Health","2021/12/29 00:00:00","1295"
"north west","Private Health","2021/09/25 00:00:00","461"
"western cape","Private Health","2021/07/20 00:00:00","10629"
"kwazulu-natal","Public Health","2022/11/27 00:00:00","32"
"north west","Public Health","2022/03/07 00:00:00","4522"
"free state","Public Health","2022/06/13 00:00:00","1759"
"mpumalanga","Public Health","2021/12/02 00:00:00","7686"
"north west","Public Health","2022/05/30 00:00:00","1885"
"north west","Private Health","2021/11/05 00:00:00","2075"
"western cape","Public Health","2021/08/11 00:00:00","20860"
"north west","Public Health","2022/09/29 00:00:00","234"
"eastern cape","Public Health","2022/09/27 00:00:00","1512"
"mpumalanga","Public Health","2022/01/04 00:00:00","3571"
"gauteng","Private Health","2022/09/12 00:00:00","375"
"kwazulu-natal","Private Health","2021/11/06 00:00:00","2250"
"western cape","Private Health","2021/06/10 00:00:00","2853"
"kwazulu-natal","Private Health","2021/08/09 00:00:00","199"
"eastern cape","Public Health","2022/07/29 00:00:00","985"
"western cape","Private Health","2022/07/25 00:00:00","285"
"north west","Public Health","2021/03/06 00:00:00","100"
"mpumalanga","Public Health","2021/08/25 00:00:00","12130"
"western cape","Public Health","2021/10/16 00:00:00","3886"
"free state","Public Health","2021/06/13 00:00:00","164"
"kwazulu-natal","Private Health","2022/11/11 00:00:00","41"
"mpumalanga","Public Health","2022/06/05 00:00:00","75"
"free state","Public Health","2021/07/03 00:00:00","165"
"mpumalanga","Public Health","2021/12/24 00:00:00","723"
"north west","Private Health","2022/08/06 00:00:00","4"
"north west","Public Health","2022/01/14 00:00:00","3266"
"eastern cape","Public Health","2021/10/10 00:00:00","1971"
"free state","Private Health","2022/03/09 00:00:00","841"
"limpopo","Private Health","2022/01/10 00:00:00","2193"
"kwazulu-natal","Public Health","2021/05/26 00:00:00","21778"
"limpopo","Private Health","2021/09/20 00:00:00","4648"
"north west","Public Health","2022/12/08 00:00:00","475"
"free state","Private Health","2022/05/04 00:00:00","661"
"eastern cape","Public Health","2022/01/17 00:00:00","7390"
"mpumalanga","Private Health","2022/05/28 00:00:00","137"
"gauteng","Private Health","2022/06/20 00:00:00","2476"
"eastern cape","Public Health","2022/02/18 00:00:00","5417"
"kwazulu-natal","Public Health","2021/03/02 00:00:00","236"
"gauteng","Private Health","2022/10/27 00:00:00","362"
"eastern cape","Public Health","2022/04/25 00:00:00","7325"
"free state","Public Health","2021/07/30 00:00:00","10277"
"free state","Private Health","2022/10/04 00:00:00","22"
"limpopo","Private Health","2021/10/13 00:00:00","4354"
"eastern cape","Private Health","2022/03/02 00:00:00","2348"
"mpumalanga","Private Health","2021/06/16 00:00:00","4"
"limpopo","Private Health","2021/09/22 00:00:00","4472"
"kwazulu-natal","Public Health","2021/04/13 00:00:00","20"
"gauteng","Public Health","2021/10/03 00:00:00","10325"
"limpopo","Public Health","2022/09/16 00:00:00","441"
"eastern cape","Private Health","2022/06/01 00:00:00","437"
"mpumalanga","Private Health","2022/05/01 00:00:00","9"
"limpopo","Private Health","2021/07/03 00:00:00","80"
"limpopo","Private Health","2021/12/20 00:00:00","2003"
"limpopo","Public Health","2021/08/12 00:00:00","19395"
"kwazulu-natal","Public Health","2022/11/09 00:00:00","752"
"gauteng","Private Health","2021/03/11 00:00:00","1026"
"northern cape","Public Health","2022/03/10 00:00:00","1173"
"north west","Private Health","2022/02/16 00:00:00","892"
"eastern cape","Public Health","2022/05/08 00:00:00","154"
"mpumalanga","Public Health","2022/11/13 00:00:00","4"
"free state","Private Health","2022/09/21 00:00:00","48"
"kwazulu-natal","Public Health","2022/12/10 00:00:00","26"
"limpopo","Public Health","2022/06/05 00:00:00","53"
"kwazulu-natal","Public Health","2022/05/10 00:00:00","9366"
"free state","Private Health","2022/06/12 00:00:00","1"
"free state","Private Health","2021/09/08 00:00:00","2960"
"mpumalanga","Public Health","2021/03/10 00:00:00","292"
"kwazulu-natal","Private Health","2022/10/03 00:00:00","41"
"limpopo","Public Health","2021/07/25 00:00:00","743"
"limpopo","Private Health","2021/10/06 00:00:00","4340"
"mpumalanga","Public Health","2022/01/14 00:00:00","3396"
"kwazulu-natal","Public Health","2022/05/14 00:00:00","1114"
"mpumalanga","Private Health","2022/03/01 00:00:00","1109"
"western cape","Public Health","2021/03/18 00:00:00","801"
"northern cape","Public Health","2022/02/22 00:00:00","774"
"eastern cape","Public Health","2021/12/27 00:00:00","90"
"western cape","Private Health","2022/02/27 00:00:00","186"
"free state","Public Health","2021/08/28 00:00:00","1741"
"gauteng","Private Health","2021/09/27 00:00:00","25229"
"limpopo","Private Health","2022/08/17 00:00:00","415"
"free state","Public Health","2022/03/20 00:00:00","1"
"limpopo","Private Health","2021/11/22 00:00:00","2256"
"gauteng","Public Health","2022/10/09 00:00:00","8"
"kwazulu-natal","Public Health","2022/02/03 00:00:00","7876"
"northern cape","Private Health","2021/09/20 00:00:00","806"
"eastern cape","Public Health","2022/01/13 00:00:00","7753"
"western cape","Private Health","2021/06/02 00:00:00","1628"
"free state","Private Health","2022/07/26 00:00:00","39"
"western cape","Private Health","2022/02/14 00:00:00","4012"
"gauteng","Public Health","2021/05/10 00:00:00","1974"
"free state","Private Health","2022/08/28 00:00:00","1"
"gauteng","Private Health","2021/06/08 00:00:00","8343"
"limpopo","Private Health","2021/12/11 00:00:00","755"
"kwazulu-natal","Private Health","2021/06/12 00:00:00","382"
"western cape","Private Health","2022/05/06 00:00:00","2441"
"northern cape","Private Health","2022/11/14 00:00:00","11"
"limpopo","Public Health","2022/09/29 00:00:00","812"
"northern cape","Private Health","2022/01/22 00:00:00","199"
"limpopo","Private Health","2021/07/08 00:00:00","1497"
"kwazulu-natal","Public Health","2022/12/12 00:00:00","310"
"eastern cape","Private Health","2022/10/01 00:00:00","20"
"north west","Public Health","2022/08/14 00:00:00","134"
"western cape","Public Health","2022/01/18 00:00:00","8075"
"north west","Public Health","2021/12/15 00:00:00","4898"
"north west","Private Health","2022/09/15 00:00:00","32"
"limpopo","Public Health","2022/03/01 00:00:00","6551"
"northern cape","Public Health","2021/05/14 00:00:00","420"
"eastern cape","Public Health","2022/10/02 00:00:00","1"
"eastern cape","Private Health","2021/05/21 00:00:00","377"
"western cape","Public Health","2021/11/07 00:00:00","174"
"eastern cape","Private Health","2022/04/29 00:00:00","990"
"gauteng","Public Health","2021/05/01 00:00:00","52"
"free state","Public Health","2022/03/09 00:00:00","6413"
"western cape","Public Health","2022/06/16 00:00:00","126"
"eastern cape","Public Health","2022/07/14 00:00:00","1882"
"mpumalanga","Public Health","2021/08/10 00:00:00","7610"
"western cape","Public Health","2022/01/17 00:00:00","8278"
"mpumalanga","Private Health","2021/07/15 00:00:00","1924"
"free state","Private Health","2022/02/25 00:00:00","1266"
"north west","Private Health","2022/05/12 00:00:00","1105"
"gauteng","Public Health","2021/07/22 00:00:00","38100"
"western cape","Private Health","2022/09/17 00:00:00","4"
"gauteng","Public Health","2021/02/19 00:00:00","1024"
"kwazulu-natal","Private Health","2021/12/22 00:00:00","2116"
"northern cape","Private Health","2021/10/22 00:00:00","1112"
"kwazulu-natal","Private Health","2022/08/16 00:00:00","132"
"free state","Private Health","2022/02/16 00:00:00","971"
"mpumalanga","Public Health","2021/11/22 00:00:00","4421"
"limpopo","Public Health","2022/04/22 00:00:00","3734"
"western cape","Public Health","2022/01/16 00:00:00","62"
"kwazulu-natal","Private Health","2021/07/25 00:00:00","549"
"limpopo","Public Health","2022/01/10 00:00:00","10348"
"north west","Public Health","2022/03/12 00:00:00","2077"
"western cape","Private Health","2021/12/16 00:00:00","398"
"gauteng","Public Health","2022/12/11 00:00:00","57"
"western cape","Private Health","2022/05/05 00:00:00","2403"
"kwazulu-natal","Private Health","2021/11/29 00:00:00","5989"
"northern cape","Private Health","2022/06/13 00:00:00","83"
"eastern cape","Public Health","2021/05/25 00:00:00","6272"
"free state","Public Health","2022/05/21 00:00:00","160"
"northern cape","Public Health","2022/02/27 00:00:00","121"
"eastern cape","Public Health","2021/10/16 00:00:00","3417"
"north west","Private Health","2021/03/06 00:00:00","86"
"eastern cape","Public Health","2021/10/31 00:00:00","1637"
"north west","Public Health","2021/09/17 00:00:00","10138"
"western cape","Public Health","2021/03/30 00:00:00","1927"
"free state","Public Health","2021/10/10 00:00:00","658"
"north west","Public Health","2021/11/06 00:00:00","3866"
"kwazulu-natal","Public Health","2022/09/03 00:00:00","98"
"gauteng","Public Health","2022/07/22 00:00:00","1409"
"free state","Public Health","2021/11/05 00:00:00","6790"
"north west","Private Health","2022/07/21 00:00:00","93"
"western cape","Private Health","2021/11/01 00:00:00","1406"
"gauteng","Public Health","2021/05/19 00:00:00","7995"
"eastern cape","Public Health","2021/08/12 00:00:00","19849"
"free state","Public Health","2022/05/18 00:00:00","3596"
"north west","Private Health","2021/12/18 00:00:00","278"
"kwazulu-natal","Private Health","2021/03/23 00:00:00","1198"
"gauteng","Public Health","2022/02/23 00:00:00","17906"
"mpumalanga","Private Health","2022/02/05 00:00:00","210"
"western cape","Private Health","2021/09/24 00:00:00","871"
"kwazulu-natal","Private Health","2022/06/14 00:00:00","543"
"western cape","Private Health","2022/10/19 00:00:00","15"
"limpopo","Public Health","2021/03/03 00:00:00","696"
"eastern cape","Public Health","2021/10/04 00:00:00","16830"
"northern cape","Public Health","2022/08/04 00:00:00","191"
"north west","Private Health","2021/07/27 00:00:00","2784"
"gauteng","Private Health","2022/10/08 00:00:00","126"
"western cape","Private Health","2022/09/21 00:00:00","72"
"mpumalanga","Private Health","2022/06/20 00:00:00","310"
"gauteng","Public Health","2022/02/18 00:00:00","14311"
"mpumalanga","Private Health","2022/05/24 00:00:00","339"
"kwazulu-natal","Private Health","2022/10/24 00:00:00","13"
"north west","Private Health","2021/05/26 00:00:00","367"
"kwazulu-natal","Public Health","2021/06/26 00:00:00","1526"
"free state","Private Health","2022/09/06 00:00:00","49"
"free state","Private Health","2022/11/03 00:00:00","10"
"kwazulu-natal","Private Health","2021/07/30 00:00:00","6452"
"limpopo","Private Health","2022/04/10 00:00:00","7"
"free state","Private Health","2022/06/14 00:00:00","199"
"western cape","Private Health","2022/11/16 00:00:00","36"
"northern cape","Private Health","2022/09/27 00:00:00","16"
"western cape","Private Health","2022/09/06 00:00:00","163"
"mpumalanga","Private Health","2022/07/23 00:00:00","38"
"mpumalanga","Public Health","2021/06/25 00:00:00","9288"
"western cape","Public Health","2021/09/22 00:00:00","22227"
"limpopo","Public Health","2022/03/18 00:00:00","4316"
"mpumalanga","Public Health","2022/06/24 00:00:00","2234"
"kwazulu-natal","Public Health","2021/07/07 00:00:00","36824"
"kwazulu-natal","Public Health","2021/09/21 00:00:00","17047"
"gauteng","Private Health","2022/06/17 00:00:00","3181"
"eastern cape","Private Health","2021/03/09 00:00:00","476"
"gauteng","Public Health","2021/05/26 00:00:00","13016"
"north west","Public Health","2022/08/07 00:00:00","163"
"northern cape","Private Health","2021/07/29 00:00:00","1046"
"western cape","Public Health","2022/07/27 00:00:00","926"
"gauteng","Public Health","2022/04/06 00:00:00","7976"
"eastern cape","Public Health","2022/07/01 00:00:00","655"
"kwazulu-natal","Private Health","2022/11/19 00:00:00","2"
"kwazulu-natal","Public Health","2022/07/06 00:00:00","2568"
"free state","Private Health","2021/06/28 00:00:00","438"
"eastern cape","Private Health","2022/06/20 00:00:00","301"
"free state","Public Health","2021/09/20 00:00:00","7135"
"eastern cape","Private Health","2022/06/13 00:00:00","360"
"mpumalanga","Public Health","2021/08/12 00:00:00","7373"
"western cape","Private Health","2022/10/10 00:00:00","41"
"eastern cape","Private Health","2022/02/01 00:00:00","1312"
"gauteng","Private Health","2022/12/08 00:00:00","196"
"western cape","Public Health","2021/12/28 00:00:00","4468"
"mpumalanga","Public Health","2022/09/14 00:00:00","800"
"free state","Private Health","2022/06/27 00:00:00","237"
"limpopo","Public Health","2021/12/03 00:00:00","11640"
"mpumalanga","Public Health","2022/08/29 00:00:00","657"
"western cape","Private Health","2021/10/02 00:00:00","6960"
"limpopo","Private Health","2021/11/20 00:00:00","703"
"gauteng","Private Health","2022/04/06 00:00:00","6861"
"kwazulu-natal","Public Health","2022/04/11 00:00:00","4688"
"kwazulu-natal","Private Health","2021/04/29 00:00:00","1431"
"eastern cape","Private Health","2022/06/17 00:00:00","442"
"free state","Private Health","2021/07/03 00:00:00","201"
"gauteng","Public Health","2022/08/12 00:00:00","1254"
"gauteng","Public Health","2022/10/05 00:00:00","1111"
"kwazulu-natal","Public Health","2021/06/10 00:00:00","13286"
"gauteng","Private Health","2022/03/10 00:00:00","10393"
"gauteng","Public Health","2021/11/04 00:00:00","25534"
"northern cape","Public Health","2022/01/18 00:00:00","1391"
"limpopo","Public Health","2022/10/23 00:00:00","224"
"free state","Public Health","2022/04/13 00:00:00","4492"
"north west","Private Health","2021/08/23 00:00:00","6013"
"kwazulu-natal","Public Health","2021/06/24 00:00:00","29419"
"north west","Public Health","2021/08/06 00:00:00","6149"
"eastern cape","Private Health","2021/12/10 00:00:00","2491"
"north west","Public Health","2021/08/04 00:00:00","6891"
"mpumalanga","Public Health","2022/05/03 00:00:00","3882"
"mpumalanga","Private Health","2021/10/09 00:00:00","649"
"western cape","Private Health","2022/04/09 00:00:00","1051"
"gauteng","Private Health","2022/08/13 00:00:00","252"
"eastern cape","Private Health","2022/02/19 00:00:00","360"
"gauteng","Public Health","2021/04/06 00:00:00","1060"
"western cape","Private Health","2021/06/22 00:00:00","4577"
"mpumalanga","Private Health","2022/03/31 00:00:00","809"
"free state","Private Health","2022/09/09 00:00:00","34"
"north west","Public Health","2022/11/13 00:00:00","110"
"limpopo","Private Health","2022/04/20 00:00:00","1130"
"kwazulu-natal","Private Health","2022/10/04 00:00:00","32"
"limpopo","Public Health","2022/05/18 00:00:00","6316"
"north west","Private Health","2022/10/07 00:00:00","15"
"northern cape","Public Health","2022/08/25 00:00:00","145"
"north west","Public Health","2022/12/01 00:00:00","435"
"free state","Public Health","2021/03/05 00:00:00","303"
"eastern cape","Public Health","2021/08/15 00:00:00","550"
"mpumalanga","Public Health","2022/08/12 00:00:00","912"
"western cape","Private Health","2021/11/12 00:00:00","9304"
"north west","Private Health","2022/02/28 00:00:00","1521"
"eastern cape","Public Health","2021/03/05 00:00:00","356"
"north west","Private Health","2022/02/26 00:00:00","414"
"north west","Private Health","2021/10/05 00:00:00","4560"
"eastern cape","Private Health","2021/04/06 00:00:00","82"
"mpumalanga","Private Health","2022/05/12 00:00:00","565"
"limpopo","Private Health","2022/07/24 00:00:00","13"
"free state","Private Health","2021/10/18 00:00:00","2183"
"eastern cape","Private Health","2022/06/02 00:00:00","458"
"limpopo","Private Health","2021/09/27 00:00:00","4164"
"limpopo","Public Health","2022/07/04 00:00:00","1037"
"western cape","Private Health","2021/12/19 00:00:00","106"
"free state","Private Health","2022/08/04 00:00:00","60"
"free state","Private Health","2021/03/09 00:00:00","68"
"limpopo","Public Health","2021/12/28 00:00:00","5041"
"limpopo","Public Health","2022/12/12 00:00:00","560"
"eastern cape","Private Health","2022/05/31 00:00:00","501"
"northern cape","Private Health","2021/05/28 00:00:00","24"
"eastern cape","Private Health","2022/02/09 00:00:00","1309"
"gauteng","Public Health","2021/08/25 00:00:00","39887"
"eastern cape","Public Health","2022/06/10 00:00:00","4265"
"limpopo","Public Health","2022/05/15 00:00:00","197"
"gauteng","Public Health","2022/11/11 00:00:00","917"
"kwazulu-natal","Private Health","2021/10/03 00:00:00","2027"
"mpumalanga","Public Health","2021/12/31 00:00:00","630"
"kwazulu-natal","Public Health","2021/11/27 00:00:00","5379"
"free state","Private Health","2021/03/10 00:00:00","88"
"limpopo","Private Health","2021/12/05 00:00:00","8"
"free state","Private Health","2021/11/28 00:00:00","28"
"kwazulu-natal","Private Health","2022/09/27 00:00:00","27"
"eastern cape","Private Health","2022/04/11 00:00:00","912"
"mpumalanga","Public Health","2022/11/11 00:00:00","654"
"gauteng","Private Health","2021/02/23 00:00:00","480"
"gauteng","Private Health","2021/09/30 00:00:00","19117"
"northern cape","Public Health","2021/11/09 00:00:00","2504"
"free state","Private Health","2022/03/22 00:00:00","997"
"limpopo","Public Health","2022/01/08 00:00:00","341"
"western cape","Public Health","2021/04/13 00:00:00","434"
"north west","Private Health","2021/09/29 00:00:00","4396"
"limpopo","Private Health","2022/09/09 00:00:00","99"
"kwazulu-natal","Public Health","2022/07/21 00:00:00","3002"
"kwazulu-natal","Private Health","2022/04/10 00:00:00","137"
"eastern cape","Public Health","2021/12/23 00:00:00","1345"
"gauteng","Public Health","2021/12/30 00:00:00","7868"
"kwazulu-natal","Private Health","2022/02/04 00:00:00","2751"
"eastern cape","Public Health","2022/09/15 00:00:00","2329"
"north west","Public Health","2022/01/02 00:00:00","417"
"limpopo","Public Health","2021/12/13 00:00:00","9569"
"northern cape","Public Health","2021/09/15 00:00:00","4138"
"north west","Public Health","2021/09/18 00:00:00","6264"
"north west","Public Health","2021/06/14 00:00:00","3564"
"mpumalanga","Public Health","2021/07/21 00:00:00","15318"
"limpopo","Public Health","2022/06/29 00:00:00","1458"
"kwazulu-natal","Private Health","2021/11/16 00:00:00","4658"
"eastern cape","Private Health","2021/09/14 00:00:00","4784"
"free state","Private Health","2022/08/13 00:00:00","8"
"eastern cape","Public Health","2022/05/14 00:00:00","416"
"gauteng","Private Health","2022/05/23 00:00:00","3646"
"kwazulu-natal","Public Health","2021/09/01 00:00:00","29597"
"kwazulu-natal","Private Health","2021/10/05 00:00:00","8949"
"mpumalanga","Private Health","2022/01/28 00:00:00","1320"
"limpopo","Private Health","2022/10/14 00:00:00","109"
"eastern cape","Public Health","2021/08/26 00:00:00","33912"
"north west","Public Health","2022/01/13 00:00:00","3401"
"mpumalanga","Public Health","2022/05/27 00:00:00","3389"
"western cape","Private Health","2022/05/23 00:00:00","1511"
"limpopo","Private Health","2022/09/15 00:00:00","92"
"northern cape","Public Health","2021/05/25 00:00:00","808"
"western cape","Public Health","2021/06/16 00:00:00","507"
"western cape","Public Health","2022/03/10 00:00:00","8617"
"kwazulu-natal","Public Health","2022/03/21 00:00:00","1000"
"western cape","Private Health","2021/10/18 00:00:00","9043"
"north west","Public Health","2022/03/26 00:00:00","1178"
"limpopo","Public Health","2021/05/11 00:00:00","903"
"gauteng","Private Health","2022/11/18 00:00:00","209"
"limpopo","Public Health","2022/04/02 00:00:00","126"
"eastern cape","Public Health","2022/07/18 00:00:00","2097"
"north west","Public Health","2022/12/10 00:00:00","58"
"free state","Private Health","2021/07/09 00:00:00","1228"
"gauteng","Public Health","2022/09/30 00:00:00","837"
"free state","Private Health","2021/11/30 00:00:00","2592"
"western cape","Public Health","2021/08/22 00:00:00","14"
"free state","Private Health","2021/12/20 00:00:00","998"
"western cape","Public Health","2022/05/07 00:00:00","209"
"mpumalanga","Public Health","2021/09/16 00:00:00","11694"
"kwazulu-natal","Private Health","2022/07/16 00:00:00","212"
"limpopo","Private Health","2022/01/01 00:00:00","52"
"western cape","Public Health","2022/05/30 00:00:00","1943"
"kwazulu-natal","Public Health","2022/01/01 00:00:00","154"
"free state","Public Health","2022/10/15 00:00:00","1"
"kwazulu-natal","Private Health","2022/11/28 00:00:00","29"
"limpopo","Private Health","2022/02/24 00:00:00","1058"
"western cape","Public Health","2022/04/22 00:00:00","3618"
"mpumalanga","Public Health","2022/02/26 00:00:00","1681"
"western cape","Private Health","2022/06/20 00:00:00","1036"
"mpumalanga","Public Health","2022/12/07 00:00:00","421"
"north west","Private Health","2022/07/30 00:00:00","20"
"eastern cape","Private Health","2021/12/03 00:00:00","3341"
"north west","Private Health","2022/09/06 00:00:00","47"
"eastern cape","Public Health","2022/06/12 00:00:00","87"
"north west","Public Health","2022/09/05 00:00:00","160"
"western cape","Public Health","2021/05/24 00:00:00","4528"
"mpumalanga","Public Health","2021/10/01 00:00:00","8472"
"mpumalanga","Public Health","2021/08/05 00:00:00","8236"
"limpopo","Public Health","2022/05/27 00:00:00","4704"
"northern cape","Private Health","2021/06/18 00:00:00","114"
"eastern cape","Private Health","2022/06/30 00:00:00","377"
"western cape","Private Health","2022/01/28 00:00:00","5085"
"gauteng","Private Health","2021/12/22 00:00:00","8847"
"limpopo","Public Health","2022/06/14 00:00:00","5283"
"eastern cape","Public Health","2022/04/07 00:00:00","7164"
"gauteng","Private Health","2022/06/22 00:00:00","2195"
"limpopo","Private Health","2022/12/03 00:00:00","23"
"limpopo","Private Health","2022/02/10 00:00:00","925"
"north west","Public Health","2022/10/15 00:00:00","59"
"limpopo","Public Health","2022/07/01 00:00:00","616"
"eastern cape","Private Health","2022/08/15 00:00:00","60"
"mpumalanga","Private Health","2021/10/13 00:00:00","2898"
"northern cape","Public Health","2021/10/22 00:00:00","4032"
"kwazulu-natal","Public Health","2022/06/11 00:00:00","702"
"kwazulu-natal","Private Health","2022/10/17 00:00:00","28"
"eastern cape","Private Health","2021/11/03 00:00:00","3172"
"free state","Public Health","2021/04/06 00:00:00","58"
"kwazulu-natal","Public Health","2021/12/28 00:00:00","6291"
"kwazulu-natal","Private Health","2021/10/09 00:00:00","4357"
"eastern cape","Public Health","2022/05/18 00:00:00","8723"
"free state","Public Health","2021/10/05 00:00:00","10252"
"free state","Private Health","2022/10/22 00:00:00","2"
"limpopo","Private Health","2022/03/17 00:00:00","1501"
"kwazulu-natal","Private Health","2021/10/12 00:00:00","7162"
"mpumalanga","Private Health","2021/07/13 00:00:00","1663"
"north west","Public Health","2021/06/30 00:00:00","6881"
"eastern cape","Public Health","2022/08/11 00:00:00","2911"
"mpumalanga","Private Health","2021/03/26 00:00:00","1"
"northern cape","Public Health","2021/03/01 00:00:00","256"
"limpopo","Private Health","2021/03/03 00:00:00","29"
"limpopo","Public Health","2021/08/30 00:00:00","18543"
"mpumalanga","Public Health","2021/06/16 00:00:00","635"
"limpopo","Public Health","2022/10/31 00:00:00","894"
"kwazulu-natal","Private Health","2022/07/29 00:00:00","164"
"free state","Public Health","2022/01/05 00:00:00","4707"
"free state","Private Health","2021/07/01 00:00:00","645"
"north west","Public Health","2022/07/03 00:00:00","237"
"kwazulu-natal","Private Health","2021/12/26 00:00:00","9"
"eastern cape","Private Health","2021/12/20 00:00:00","1442"
"eastern cape","Public Health","2022/05/09 00:00:00","7596"
"northern cape","Private Health","2022/10/31 00:00:00","6"
"western cape","Public Health","2022/09/25 00:00:00","4"
"free state","Public Health","2021/04/28 00:00:00","120"
"limpopo","Public Health","2022/11/06 00:00:00","9"
"eastern cape","Private Health","2021/07/02 00:00:00","2263"
"free state","Public Health","2022/01/11 00:00:00","5622"
"mpumalanga","Public Health","2022/11/06 00:00:00","2"
"kwazulu-natal","Private Health","2021/09/01 00:00:00","9392"
"kwazulu-natal","Private Health","2022/01/30 00:00:00","391"
"free state","Public Health","2022/11/08 00:00:00","203"
"free state","Private Health","2022/07/05 00:00:00","88"
"gauteng","Private Health","2022/11/10 00:00:00","337"
"eastern cape","Public Health","2022/01/05 00:00:00","3296"
"eastern cape","Public Health","2022/11/20 00:00:00","14"
"northern cape","Private Health","2022/04/05 00:00:00","246"
"eastern cape","Private Health","2022/07/01 00:00:00","332"
"mpumalanga","Private Health","2021/03/03 00:00:00","311"
"limpopo","Private Health","2022/02/01 00:00:00","1330"
"western cape","Private Health","2021/09/06 00:00:00","14252"
"limpopo","Private Health","2022/04/25 00:00:00","1010"
"limpopo","Public Health","2022/07/22 00:00:00","753"
"free state","Private Health","2021/12/13 00:00:00","1275"
"eastern cape","Private Health","2022/09/20 00:00:00","19"
"free state","Public Health","2022/08/25 00:00:00","674"
"northern cape","Private Health","2021/09/24 00:00:00","152"
"eastern cape","Public Health","2022/11/18 00:00:00","1778"
"limpopo","Public Health","2022/07/10 00:00:00","12"
"western cape","Private Health","2022/02/03 00:00:00","3983"
"western cape","Private Health","2021/07/04 00:00:00","1591"
"limpopo","Public Health","2022/11/23 00:00:00","1119"
"mpumalanga","Private Health","2021/08/21 00:00:00","394"
"kwazulu-natal","Public Health","2022/10/27 00:00:00","954"
"gauteng","Public Health","2022/08/25 00:00:00","1479"
"gauteng","Public Health","2021/11/11 00:00:00","22796"
"limpopo","Public Health","2022/01/06 00:00:00","7089"
"free state","Private Health","2022/07/19 00:00:00","52"
"north west","Private Health","2021/11/17 00:00:00","2050"
"kwazulu-natal","Public Health","2021/08/09 00:00:00","5994"
"gauteng","Private Health","2021/03/16 00:00:00","1075"
"mpumalanga","Private Health","2021/08/24 00:00:00","3579"
"north west","Public Health","2022/01/12 00:00:00","3114"
"western cape","Private Health","2022/09/07 00:00:00","201"
"north west","Private Health","2021/07/13 00:00:00","1343"
"gauteng","Private Health","2021/04/01 00:00:00","268"
"northern cape","Private Health","2021/08/25 00:00:00","1102"
"limpopo","Public Health","2021/09/07 00:00:00","15805"
"free state","Private Health","2022/08/29 00:00:00","12"
"mpumalanga","Private Health","2022/09/14 00:00:00","10"
"kwazulu-natal","Private Health","2022/02/20 00:00:00","250"
"limpopo","Public Health","2021/08/06 00:00:00","7176"
"gauteng","Public Health","2022/06/15 00:00:00","4784"
"mpumalanga","Public Health","2022/12/06 00:00:00","408"
"gauteng","Private Health","2021/12/11 00:00:00","7348"
"north west","Private Health","2022/02/12 00:00:00","247"
"mpumalanga","Private Health","2022/07/04 00:00:00","246"
"limpopo","Private Health","2021/12/10 00:00:00","2556"
"northern cape","Public Health","2021/07/22 00:00:00","4139"
"gauteng","Private Health","2021/12/12 00:00:00","1472"
"kwazulu-natal","Private Health","2022/04/06 00:00:00","1606"
"northern cape","Public Health","2021/02/22 00:00:00","328"
"western cape","Private Health","2022/01/12 00:00:00","4956"
"mpumalanga","Public Health","2022/10/21 00:00:00","845"
"north west","Private Health","2021/07/22 00:00:00","2269"
"northern cape","Public Health","2022/06/11 00:00:00","5"
"north west","Private Health","2021/11/01 00:00:00","455"
"limpopo","Public Health","2022/10/25 00:00:00","1241"
"north west","Private Health","2021/10/16 00:00:00","413"
"western cape","Private Health","2021/12/02 00:00:00","7125"
"eastern cape","Private Health","2021/05/12 00:00:00","1"
"north west","Public Health","2022/05/23 00:00:00","2108"
"gauteng","Public Health","2022/06/21 00:00:00","4372"
"western cape","Public Health","2022/10/26 00:00:00","566"
"gauteng","Private Health","2022/02/25 00:00:00","12023"
"northern cape","Public Health","2021/10/10 00:00:00","242"
"western cape","Public Health","2021/10/27 00:00:00","22865"
"kwazulu-natal","Private Health","2021/12/29 00:00:00","2351"
"kwazulu-natal","Public Health","2021/07/21 00:00:00","49682"
"western cape","Private Health","2021/08/06 00:00:00","10936"
"north west","Public Health","2022/03/06 00:00:00","1117"
"kwazulu-natal","Public Health","2022/01/21 00:00:00","9401"
"western cape","Public Health","2022/02/26 00:00:00","644"
"mpumalanga","Public Health","2022/06/02 00:00:00","3626"
"eastern cape","Private Health","2022/04/17 00:00:00","51"
"eastern cape","Public Health","2021/02/24 00:00:00","862"
"north west","Private Health","2022/07/11 00:00:00","102"
"gauteng","Public Health","2021/09/23 00:00:00","24616"
"north west","Private Health","2021/08/05 00:00:00","3208"
"gauteng","Public Health","2021/11/16 00:00:00","23249"
"northern cape","Public Health","2022/11/11 00:00:00","319"
"free state","Public Health","2021/07/11 00:00:00","417"
"gauteng","Private Health","2022/05/30 00:00:00","2821"
"kwazulu-natal","Public Health","2021/03/11 00:00:00","1545"
"north west","Private Health","2022/08/25 00:00:00","64"
"eastern cape","Public Health","2021/06/22 00:00:00","11108"
"north west","Public Health","2022/01/20 00:00:00","4305"
"kwazulu-natal","Private Health","2022/12/08 00:00:00","27"
"free state","Public Health","2021/07/09 00:00:00","8219"
"north west","Public Health","2021/10/10 00:00:00","4855"
"gauteng","Private Health","2022/07/17 00:00:00","67"
"free state","Private Health","2022/02/21 00:00:00","1068"
"gauteng","Private Health","2022/03/05 00:00:00","6178"
"northern cape","Private Health","2022/12/02 00:00:00","2"
"north west","Public Health","2022/06/12 00:00:00","463"
"kwazulu-natal","Private Health","2021/09/30 00:00:00","5812"
"kwazulu-natal","Public Health","2022/10/19 00:00:00","852"
"northern cape","Public Health","2022/02/26 00:00:00","57"
"gauteng","Private Health","2022/04/11 00:00:00","4866"
"gauteng","Public Health","2021/02/21 00:00:00","598"
"eastern cape","Private Health","2021/07/25 00:00:00","342"
"kwazulu-natal","Private Health","2021/08/11 00:00:00","7313"
"mpumalanga","Private Health","2021/10/06 00:00:00","3217"
"free state","Private Health","2022/06/11 00:00:00","127"
"north west","Private Health","2021/10/01 00:00:00","4517"
"mpumalanga","Public Health","2022/05/16 00:00:00","3572"
"eastern cape","Public Health","2021/09/19 00:00:00","1368"
"northern cape","Public Health","2021/10/20 00:00:00","4307"
"gauteng","Public Health","2021/08/23 00:00:00","41394"
"northern cape","Private Health","2022/02/14 00:00:00","335"
"north west","Public Health","2022/02/04 00:00:00","3301"
"mpumalanga","Public Health","2021/07/04 00:00:00","54"
"gauteng","Public Health","2022/05/19 00:00:00","8868"
"northern cape","Private Health","2022/01/11 00:00:00","663"
"north west","Private Health","2021/12/08 00:00:00","2065"
"mpumalanga","Public Health","2021/08/09 00:00:00","2637"
"mpumalanga","Private Health","2021/07/27 00:00:00","2181"
"western cape","Public Health","2021/12/29 00:00:00","4279"
"eastern cape","Public Health","2022/06/30 00:00:00","1928"
"mpumalanga","Public Health","2022/10/24 00:00:00","756"
"western cape","Public Health","2021/09/07 00:00:00","27668"
"north west","Private Health","2022/07/05 00:00:00","108"
"northern cape","Private Health","2022/05/01 00:00:00","3"
"kwazulu-natal","Private Health","2022/06/19 00:00:00","26"
"limpopo","Private Health","2022/11/18 00:00:00","91"
"mpumalanga","Private Health","2021/09/16 00:00:00","4374"
"limpopo","Public Health","2022/01/26 00:00:00","7030"
"western cape","Private Health","2021/09/23 00:00:00","12520"
"gauteng","Public Health","2022/11/10 00:00:00","1447"
"north west","Public Health","2021/12/04 00:00:00","3478"
"gauteng","Public Health","2022/06/06 00:00:00","4805"
"north west","Private Health","2022/11/13 00:00:00","2"
"western cape","Private Health","2021/09/01 00:00:00","15139"
"northern cape","Public Health","2021/05/17 00:00:00","179"
"free state","Private Health","2022/06/04 00:00:00","56"
"eastern cape","Public Health","2022/01/19 00:00:00","4683"
"kwazulu-natal","Private Health","2021/07/11 00:00:00","231"
"kwazulu-natal","Private Health","2021/06/11 00:00:00","1521"
"north west","Public Health","2022/11/26 00:00:00","85"
"north west","Public Health","2022/08/02 00:00:00","204"
"kwazulu-natal","Private Health","2021/08/16 00:00:00","6264"
"kwazulu-natal","Public Health","2022/01/17 00:00:00","10904"
"northern cape","Public Health","2021/05/06 00:00:00","179"
"free state","Private Health","2022/05/29 00:00:00","3"
"north west","Public Health","2022/08/08 00:00:00","182"
"limpopo","Private Health","2021/06/10 00:00:00","108"
"mpumalanga","Public Health","2021/02/21 00:00:00","1183"
"western cape","Private Health","2021/03/01 00:00:00","26"
"north west","Private Health","2021/05/16 00:00:00","1"
"gauteng","Private Health","2021/05/04 00:00:00","680"
"eastern cape","Private Health","2021/12/07 00:00:00","2683"
"northern cape","Private Health","2021/10/29 00:00:00","1190"
"gauteng","Private Health","2021/07/27 00:00:00","24997"
"mpumalanga","Public Health","2021/03/26 00:00:00","489"
"free state","Public Health","2022/02/09 00:00:00","4247"
"western cape","Public Health","2022/11/30 00:00:00","715"
"kwazulu-natal","Public Health","2021/06/05 00:00:00","2421"
"north west","Private Health","2022/02/17 00:00:00","995"
"gauteng","Private Health","2022/07/28 00:00:00","919"
"free state","Public Health","2022/06/23 00:00:00","1160"
"gauteng","Private Health","2021/03/19 00:00:00","202"
"northern cape","Private Health","2022/10/19 00:00:00","21"
"mpumalanga","Public Health","2021/07/20 00:00:00","13221"
"gauteng","Private Health","2022/04/28 00:00:00","6367"
"free state","Private Health","2022/03/15 00:00:00","947"
"eastern cape","Private Health","2022/09/29 00:00:00","34"
"free state","Public Health","2021/12/12 00:00:00","122"
"eastern cape","Private Health","2021/09/20 00:00:00","3540"
"kwazulu-natal","Public Health","2022/05/26 00:00:00","9016"
"free state","Public Health","2022/12/08 00:00:00","202"
"north west","Private Health","2021/05/18 00:00:00","1"
"western cape","Public Health","2021/05/21 00:00:00","2514"
"western cape","Public Health","2022/10/31 00:00:00","557"
"gauteng","Private Health","2021/03/17 00:00:00","1212"
"eastern cape","Public Health","2022/03/27 00:00:00","274"
"gauteng","Private Health","2021/09/17 00:00:00","37866"
"limpopo","Public Health","2022/03/28 00:00:00","6778"
"northern cape","Private Health","2022/03/19 00:00:00","61"
"northern cape","Private Health","2022/09/07 00:00:00","6"
"northern cape","Private Health","2022/05/31 00:00:00","106"
"limpopo","Public Health","2022/05/17 00:00:00","7142"
"north west","Private Health","2021/04/07 00:00:00","1"
"free state","Private Health","2021/05/28 00:00:00","64"
"gauteng","Public Health","2022/04/16 00:00:00","333"
"free state","Public Health","2022/08/24 00:00:00","637"
"eastern cape","Private Health","2022/05/29 00:00:00","77"
"limpopo","Public Health","2021/07/24 00:00:00","5170"
"northern cape","Private Health","2022/08/03 00:00:00","17"
"western cape","Public Health","2021/07/30 00:00:00","24647"
"western cape","Public Health","2022/05/22 00:00:00","26"
"north west","Public Health","2021/04/21 00:00:00","1"
"gauteng","Public Health","2022/01/28 00:00:00","13097"
"north west","Public Health","2022/11/02 00:00:00","386"
"free state","Private Health","2022/01/19 00:00:00","1172"
"free state","Private Health","2022/11/21 00:00:00","25"
"limpopo","Private Health","2021/05/19 00:00:00","33"
"gauteng","Private Health","2021/08/30 00:00:00","35393"
"gauteng","Private Health","2022/02/04 00:00:00","10289"
"gauteng","Private Health","2022/03/28 00:00:00","10610"
"mpumalanga","Private Health","2022/09/01 00:00:00","20"
"western cape","Public Health","2022/12/07 00:00:00","556"
"free state","Private Health","2022/01/11 00:00:00","1405"
"north west","Public Health","2022/02/26 00:00:00","2167"
"western cape","Public Health","2021/11/22 00:00:00","10715"
"kwazulu-natal","Public Health","2022/09/17 00:00:00","100"
"free state","Private Health","2021/10/11 00:00:00","2612"
"western cape","Private Health","2022/10/15 00:00:00","6"
"limpopo","Private Health","2021/02/20 00:00:00","1"
"western cape","Private Health","2022/03/31 00:00:00","4474"
"limpopo","Public Health","2022/07/26 00:00:00","1968"
"north west","Public Health","2021/03/18 00:00:00","531"
"free state","Private Health","2021/11/12 00:00:00","1914"
"kwazulu-natal","Public Health","2021/08/25 00:00:00","24818"
"northern cape","Public Health","2021/09/09 00:00:00","4033"
"limpopo","Private Health","2021/07/16 00:00:00","2265"
"mpumalanga","Public Health","2022/08/21 00:00:00","8"
"free state","Private Health","2022/10/28 00:00:00","36"
"gauteng","Public Health","2022/05/01 00:00:00","946"
"kwazulu-natal","Public Health","2022/03/27 00:00:00","730"
"free state","Public Health","2022/06/17 00:00:00","1517"
"western cape","Private Health","2021/07/26 00:00:00","11256"
"kwazulu-natal","Public Health","2022/02/04 00:00:00","8049"
"free state","Private Health","2022/04/22 00:00:00","753"
"mpumalanga","Public Health","2021/08/02 00:00:00","8708"
"limpopo","Public Health","2022/06/21 00:00:00","3655"
"gauteng","Public Health","2021/11/14 00:00:00","9916"
"eastern cape","Private Health","2022/09/09 00:00:00","50"
"northern cape","Private Health","2022/01/27 00:00:00","289"
"limpopo","Public Health","2022/04/26 00:00:00","6081"
"free state","Private Health","2022/09/23 00:00:00","23"
"eastern cape","Private Health","2022/01/12 00:00:00","2015"
"western cape","Public Health","2021/10/08 00:00:00","24860"
"gauteng","Public Health","2022/11/03 00:00:00","1403"
"limpopo","Public Health","2021/07/13 00:00:00","19922"
"gauteng","Private Health","2021/08/01 00:00:00","4723"
"eastern cape","Public Health","2022/09/14 00:00:00","2298"
"free state","Public Health","2022/07/26 00:00:00","1191"
"free state","Public Health","2022/03/29 00:00:00","5453"
"gauteng","Public Health","2022/06/27 00:00:00","2648"
"eastern cape","Public Health","2021/12/12 00:00:00","438"
"western cape","Private Health","2022/03/13 00:00:00","112"
"kwazulu-natal","Private Health","2021/09/21 00:00:00","6834"
"limpopo","Private Health","2021/02/21 00:00:00","8"
"western cape","Public Health","2022/03/01 00:00:00","9116"
"eastern cape","Private Health","2022/07/23 00:00:00","47"
"western cape","Public Health","2021/11/19 00:00:00","15237"
"western cape","Public Health","2022/08/06 00:00:00","11"
"free state","Public Health","2021/11/28 00:00:00","146"
"free state","Public Health","2022/09/03 00:00:00","9"
"northern cape","Public Health","2022/08/01 00:00:00","52"
"eastern cape","Public Health","2021/07/24 00:00:00","1434"
"north west","Private Health","2022/07/25 00:00:00","45"
"eastern cape","Private Health","2022/03/13 00:00:00","24"
"north west","Public Health","2021/06/01 00:00:00","2926"
"free state","Public Health","2022/11/22 00:00:00","255"
"limpopo","Private Health","2022/03/14 00:00:00","1279"
"eastern cape","Private Health","2022/07/27 00:00:00","110"
"gauteng","","2022/10/05 00:00:00","1"
"northern cape","Private Health","2022/05/15 00:00:00","16"
"limpopo","Public Health","2021/08/03 00:00:00","19047"
"gauteng","Public Health","2022/09/08 00:00:00","1145"
"northern cape","Public Health","2022/07/29 00:00:00","916"
"kwazulu-natal","Public Health","2021/02/26 00:00:00","1595"
"eastern cape","Private Health","2022/02/21 00:00:00","1316"
"north west","Private Health","2022/05/15 00:00:00","35"
"western cape","Private Health","2021/05/17 00:00:00","82"
"free state","Public Health","2022/07/03 00:00:00","1"
"gauteng","Public Health","2022/06/12 00:00:00","103"
"western cape","Public Health","2021/11/27 00:00:00","2221"
"free state","Private Health","2022/12/09 00:00:00","2"
"gauteng","Public Health","2022/02/03 00:00:00","12707"
"northern cape","Public Health","2021/11/12 00:00:00","3639"
"mpumalanga","Private Health","2021/12/31 00:00:00","505"
"kwazulu-natal","Public Health","2022/09/12 00:00:00","917"
"western cape","Private Health","2022/05/21 00:00:00","647"
"limpopo","Private Health","2022/09/13 00:00:00","118"
"northern cape","Private Health","2021/10/28 00:00:00","1096"
"western cape","Public Health","2021/09/06 00:00:00","24836"
"north west","Private Health","2021/11/10 00:00:00","2283"
"mpumalanga","Private Health","2021/05/24 00:00:00","27"
"eastern cape","Private Health","2022/03/16 00:00:00","1840"
"gauteng","Private Health","2022/01/12 00:00:00","12089"
"free state","Private Health","2021/12/16 00:00:00","66"
"western cape","Public Health","2021/12/30 00:00:00","3936"
"limpopo","Public Health","2022/06/02 00:00:00","5708"
"north west","Private Health","2022/11/07 00:00:00","30"
"free state","Public Health","2021/07/05 00:00:00","4385"
"gauteng","Public Health","2021/05/17 00:00:00","2868"
"eastern cape","Public Health","2022/08/25 00:00:00","1093"
"limpopo","Public Health","2021/09/19 00:00:00","229"
"mpumalanga","Private Health","2021/07/03 00:00:00","41"
"gauteng","Private Health","2022/04/09 00:00:00","3522"
"mpumalanga","Private Health","2022/06/29 00:00:00","198"
"eastern cape","Private Health","2021/08/12 00:00:00","3378"
"kwazulu-natal","Private Health","2022/07/10 00:00:00","10"
"limpopo","Private Health","2021/11/08 00:00:00","2226"
"western cape","Private Health","2021/05/14 00:00:00","1071"
"free state","Private Health","2022/05/13 00:00:00","691"
"northern cape","Public Health","2022/05/17 00:00:00","1625"
"kwazulu-natal","Public Health","2021/07/27 00:00:00","37943"
"northern cape","Private Health","2021/11/14 00:00:00","166"
"north west","Public Health","2021/07/13 00:00:00","8661"
"western cape","Private Health","2021/05/25 00:00:00","205"
"northern cape","Private Health","2022/08/10 00:00:00","32"
"gauteng","Public Health","2022/06/07 00:00:00","5577"
"mpumalanga","Private Health","2021/07/01 00:00:00","379"
"northern cape","Private Health","2021/06/12 00:00:00","18"
"northern cape","Private Health","2021/08/28 00:00:00","366"
"eastern cape","Public Health","2021/09/02 00:00:00","25828"
"northern cape","Private Health","2021/03/16 00:00:00","19"
"western cape","Private Health","2022/06/05 00:00:00","29"
"western cape","Private Health","2021/05/10 00:00:00","754"
"gauteng","Public Health","2022/03/27 00:00:00","1254"
"gauteng","Private Health","2021/04/09 00:00:00","1"
"eastern cape","Private Health","2021/06/20 00:00:00","1"
"eastern cape","Private Health","2021/09/05 00:00:00","7"
"kwazulu-natal","Public Health","2022/04/17 00:00:00","261"
"northern cape","Public Health","2022/01/09 00:00:00","1"
"eastern cape","Private Health","2021/02/24 00:00:00","58"
"mpumalanga","Private Health","2021/12/03 00:00:00","2127"
"mpumalanga","Private Health","2022/01/09 00:00:00","56"
"gauteng","Private Health","2022/07/20 00:00:00","969"
"gauteng","Private Health","2021/06/13 00:00:00","58"
"kwazulu-natal","Public Health","2022/03/12 00:00:00","2024"
"northern cape","Public Health","2021/11/17 00:00:00","2805"
"kwazulu-natal","Private Health","2022/09/23 00:00:00","52"
"eastern cape","Public Health","2022/12/12 00:00:00","891"
"free state","Private Health","2021/07/10 00:00:00","247"
"limpopo","Public Health","2022/09/10 00:00:00","139"
"western cape","Public Health","2021/07/15 00:00:00","26505"
"free state","Public Health","2022/06/14 00:00:00","1688"
"free state","Public Health","2022/10/10 00:00:00","265"
"limpopo","Public Health","2021/11/18 00:00:00","9840"
"western cape","Public Health","2021/06/29 00:00:00","12094"
"kwazulu-natal","Private Health","2022/09/22 00:00:00","34"
"north west","Public Health","2022/04/21 00:00:00","3305"
"mpumalanga","Public Health","2021/06/20 00:00:00","17"
"mpumalanga","Public Health","2021/05/19 00:00:00","2067"
"kwazulu-natal","Private Health","2022/11/18 00:00:00","30"
"north west","Public Health","2021/10/25 00:00:00","8020"
"north west","Public Health","2021/10/21 00:00:00","9483"
"free state","Public Health","2021/10/07 00:00:00","11401"
"gauteng","Public Health","2022/08/21 00:00:00","44"
"mpumalanga","Public Health","2022/12/11 00:00:00","92"
"gauteng","Public Health","2022/01/04 00:00:00","14256"
"northern cape","Private Health","2022/06/17 00:00:00","87"
"north west","Public Health","2022/02/01 00:00:00","3639"
"western cape","Private Health","2021/11/29 00:00:00","8502"
"limpopo","Private Health","2022/08/03 00:00:00","187"
"gauteng","Public Health","2022/06/05 00:00:00","217"
"free state","Public Health","2021/06/07 00:00:00","4623"
"kwazulu-natal","Private Health","2022/07/26 00:00:00","168"
"northern cape","Public Health","2022/02/24 00:00:00","1215"
"north west","Private Health","2022/08/23 00:00:00","88"
"kwazulu-natal","Public Health","2021/03/10 00:00:00","1707"
"gauteng","Private Health","2022/01/01 00:00:00","176"
"kwazulu-natal","Private Health","2022/08/10 00:00:00","175"
"kwazulu-natal","Private Health","2021/11/05 00:00:00","5031"
"gauteng","Public Health","2022/05/29 00:00:00","753"
"limpopo","Public Health","2021/08/21 00:00:00","6972"
"gauteng","Private Health","2022/08/18 00:00:00","555"
"mpumalanga","Private Health","2022/10/21 00:00:00","30"
"north west","Private Health","2022/09/30 00:00:00","25"
"limpopo","Public Health","2021/09/23 00:00:00","14043"
"free state","Public Health","2021/07/10 00:00:00","449"
"gauteng","Public Health","2022/04/10 00:00:00","801"
"mpumalanga","Private Health","2021/09/30 00:00:00","2372"
"western cape","Private Health","2022/08/26 00:00:00","188"
"kwazulu-natal","Public Health","2022/04/07 00:00:00","8599"
"western cape","Public Health","2022/06/19 00:00:00","10"
"mpumalanga","Public Health","2021/09/18 00:00:00","3196"
"limpopo","Private Health","2022/02/22 00:00:00","889"
"mpumalanga","Private Health","2021/11/19 00:00:00","1854"
"limpopo","Private Health","2021/05/25 00:00:00","294"
"mpumalanga","Public Health","2021/10/10 00:00:00","238"
"kwazulu-natal","Private Health","2021/12/06 00:00:00","4979"
"kwazulu-natal","Private Health","2022/04/23 00:00:00","1013"
"mpumalanga","Public Health","2021/11/01 00:00:00","5967"
"gauteng","Private Health","2022/11/22 00:00:00","262"
"mpumalanga","Public Health","2021/07/15 00:00:00","8645"
"north west","Private Health","2021/09/28 00:00:00","4531"
"eastern cape","Public Health","2021/08/11 00:00:00","21497"
"western cape","Public Health","2021/08/19 00:00:00","27067"
"eastern cape","Private Health","2022/06/23 00:00:00","314"
"eastern cape","Private Health","2021/08/02 00:00:00","4098"
"kwazulu-natal","Public Health","2022/08/31 00:00:00","1038"
"eastern cape","Private Health","2021/06/10 00:00:00","1261"
"limpopo","Private Health","2021/11/26 00:00:00","2510"
"north west","Private Health","2022/04/28 00:00:00","965"
"north west","Private Health","2021/08/12 00:00:00","3392"
"mpumalanga","Private Health","2021/10/18 00:00:00","2682"
"limpopo","Public Health","2022/07/08 00:00:00","699"
"gauteng","Public Health","2021/08/07 00:00:00","3905"
"northern cape","Public Health","2022/01/05 00:00:00","745"
"eastern cape","Public Health","2022/09/16 00:00:00","1978"
"kwazulu-natal","Public Health","2021/11/30 00:00:00","17876"
"mpumalanga","Public Health","2021/05/22 00:00:00","11"
"eastern cape","Private Health","2021/09/01 00:00:00","5944"
"eastern cape","Private Health","2022/03/30 00:00:00","1467"
"eastern cape","Private Health","2022/05/11 00:00:00","784"
"north west","Public Health","2021/03/24 00:00:00","617"
"limpopo","Private Health","2022/09/28 00:00:00","63"
"limpopo","Private Health","2021/12/13 00:00:00","2167"
"north west","Public Health","2022/03/03 00:00:00","5267"
"northern cape","Public Health","2021/10/26 00:00:00","5174"
"free state","Private Health","2022/01/12 00:00:00","1169"
"northern cape","Private Health","2022/08/08 00:00:00","21"
"gauteng","Public Health","2021/09/29 00:00:00","23157"
"eastern cape","Private Health","2022/04/01 00:00:00","1437"
"kwazulu-natal","Private Health","2022/10/10 00:00:00","48"
"gauteng","Public Health","2022/04/11 00:00:00","5608"
"limpopo","Private Health","2021/12/17 00:00:00","1920"
"north west","Public Health","2021/08/02 00:00:00","7331"
"gauteng","Private Health","2022/03/07 00:00:00","12641"
"kwazulu-natal","Private Health","2021/05/19 00:00:00","360"
"kwazulu-natal","Private Health","2022/05/29 00:00:00","95"
"kwazulu-natal","Public Health","2022/09/07 00:00:00","973"
"kwazulu-natal","Private Health","2022/06/16 00:00:00","163"
"western cape","Public Health","2022/05/29 00:00:00","27"
"kwazulu-natal","Private Health","2022/11/22 00:00:00","14"
"kwazulu-natal","Public Health","2021/02/25 00:00:00","1483"
"northern cape","Private Health","2022/02/28 00:00:00","620"
"eastern cape","Private Health","2021/09/19 00:00:00","1"
"kwazulu-natal","Private Health","2022/09/17 00:00:00","9"
"mpumalanga","Public Health","2022/09/09 00:00:00","743"
"kwazulu-natal","Public Health","2021/03/18 00:00:00","1317"
"western cape","Private Health","2021/09/28 00:00:00","9365"
"free state","Public Health","2021/02/28 00:00:00","275"
"gauteng","Private Health","2021/12/27 00:00:00","862"
"mpumalanga","Public Health","2022/10/22 00:00:00","32"
"north west","Public Health","2022/10/07 00:00:00","272"
"western cape","Private Health","2022/01/21 00:00:00","5939"
"kwazulu-natal","Public Health","2022/08/13 00:00:00","236"
"northern cape","Private Health","2021/12/29 00:00:00","257"
"eastern cape","Public Health","2021/04/21 00:00:00","1"
"limpopo","Private Health","2021/11/29 00:00:00","3470"
"kwazulu-natal","Private Health","2022/09/11 00:00:00","2"
"north west","Public Health","2021/09/24 00:00:00","3463"
"northern cape","Private Health","2021/06/02 00:00:00","30"
"eastern cape","Public Health","2022/08/12 00:00:00","1987"
"gauteng","Private Health","2021/09/20 00:00:00","23381"
"western cape","Private Health","2022/09/16 00:00:00","43"
"northern cape","Private Health","2021/09/01 00:00:00","1123"
"eastern cape","Private Health","2022/07/02 00:00:00","54"
"northern cape","Public Health","2021/10/27 00:00:00","3705"
"northern cape","Private Health","2021/11/16 00:00:00","925"
"western cape","Private Health","2022/06/21 00:00:00","910"
"north west","Public Health","2021/06/23 00:00:00","6975"
"eastern cape","Public Health","2021/12/16 00:00:00","177"
"eastern cape","Private Health","2022/06/06 00:00:00","455"
"mpumalanga","Public Health","2021/11/14 00:00:00","2731"
"kwazulu-natal","Private Health","2022/04/28 00:00:00","1254"
"north west","Public Health","2022/12/02 00:00:00","338"
"mpumalanga","Private Health","2022/03/19 00:00:00","178"
"northern cape","Public Health","2022/06/07 00:00:00","1051"
"western cape","Public Health","2021/05/03 00:00:00","1663"
"mpumalanga","Private Health","2022/05/10 00:00:00","409"
"western cape","Private Health","2021/07/10 00:00:00","1193"
"western cape","Public Health","2022/01/30 00:00:00","37"
"eastern cape","Private Health","2022/10/25 00:00:00","6"
"northern cape","Private Health","2022/08/12 00:00:00","21"
"mpumalanga","Public Health","2022/02/22 00:00:00","4087"
"western cape","Private Health","2022/08/03 00:00:00","245"
"mpumalanga","Private Health","2022/05/13 00:00:00","525"
"free state","Public Health","2022/09/16 00:00:00","495"
"northern cape","Public Health","2021/10/16 00:00:00","300"
"mpumalanga","Public Health","2022/03/04 00:00:00","5793"
"mpumalanga","Public Health","2021/11/04 00:00:00","7474"
"eastern cape","Private Health","2022/08/07 00:00:00","1"
"northern cape","Public Health","2021/02/25 00:00:00","281"
"northern cape","Public Health","2022/11/28 00:00:00","234"
"mpumalanga","Public Health","2021/12/19 00:00:00","132"
"north west","Private Health","2021/06/15 00:00:00","184"
"kwazulu-natal","Public Health","2022/02/24 00:00:00","13495"
"eastern cape","Public Health","2022/05/07 00:00:00","393"
"north west","Public Health","2021/08/20 00:00:00","8293"
"northern cape","Private Health","2022/03/08 00:00:00","426"
"northern cape","Private Health","2022/07/15 00:00:00","48"
"limpopo","Private Health","2021/12/15 00:00:00","2143"
"limpopo","Private Health","2022/12/05 00:00:00","27"
"mpumalanga","Private Health","2021/05/28 00:00:00","100"
"north west","Public Health","2022/09/18 00:00:00","172"
"free state","Private Health","2021/06/21 00:00:00","174"
"eastern cape","Public Health","2022/07/03 00:00:00","68"
"eastern cape","Public Health","2022/03/22 00:00:00","8656"
"eastern cape","Private Health","2022/03/20 00:00:00","17"
"mpumalanga","Private Health","2021/08/27 00:00:00","3472"
"western cape","Public Health","2022/05/05 00:00:00","3087"
"kwazulu-natal","Private Health","2021/12/09 00:00:00","4395"
"north west","Private Health","2021/06/17 00:00:00","129"
"free state","Public Health","2022/09/21 00:00:00","455"
"eastern cape","Public Health","2022/05/30 00:00:00","6168"
"eastern cape","Private Health","2021/08/21 00:00:00","729"
"north west","Public Health","2022/06/04 00:00:00","570"
"limpopo","Private Health","2021/12/29 00:00:00","1317"
"mpumalanga","Public Health","2022/04/14 00:00:00","3142"
"free state","Private Health","2021/12/02 00:00:00","2104"
"eastern cape","Public Health","2022/05/19 00:00:00","9052"
"eastern cape","Public Health","2022/06/04 00:00:00","193"
"north west","Private Health","2022/08/03 00:00:00","76"
"north west","Private Health","2021/08/31 00:00:00","4786"
"northern cape","Public Health","2021/11/21 00:00:00","26"
"eastern cape","Private Health","2022/11/28 00:00:00","11"
"mpumalanga","Private Health","2022/09/08 00:00:00","9"
"western cape","Private Health","2022/05/02 00:00:00","185"
"northern cape","Private Health","2021/07/23 00:00:00","704"
"gauteng","Public Health","2022/05/23 00:00:00","6950"
"western cape","Private Health","2022/09/03 00:00:00","37"
"northern cape","Private Health","2022/09/06 00:00:00","17"
"northern cape","Public Health","2021/11/14 00:00:00","1729"
"eastern cape","Public Health","2022/01/07 00:00:00","3053"
"limpopo","Private Health","2022/01/22 00:00:00","616"
"free state","Public Health","2022/05/17 00:00:00","3887"
"eastern cape","Private Health","2022/10/18 00:00:00","9"
"kwazulu-natal","Private Health","2022/03/09 00:00:00","2714"
"kwazulu-natal","Private Health","2022/08/04 00:00:00","130"
"limpopo","Public Health","2021/12/31 00:00:00","1304"
"northern cape","Public Health","2021/07/10 00:00:00","96"
"free state","Private Health","2022/05/21 00:00:00","100"
"northern cape","Public Health","2022/05/09 00:00:00","937"
"limpopo","Private Health","2022/03/27 00:00:00","42"
"mpumalanga","Public Health","2021/12/05 00:00:00","2096"
"north west","Private Health","2022/11/30 00:00:00","38"
"kwazulu-natal","Public Health","2022/08/08 00:00:00","1356"
"mpumalanga","Public Health","2021/09/12 00:00:00","239"
"limpopo","Public Health","2022/08/04 00:00:00","1531"
"mpumalanga","Private Health","2022/09/15 00:00:00","10"
"eastern cape","Private Health","2022/04/08 00:00:00","1038"
"western cape","Public Health","2021/06/14 00:00:00","10455"
"kwazulu-natal","Public Health","2022/05/21 00:00:00","1557"
"kwazulu-natal","Public Health","2022/08/25 00:00:00","1691"
"northern cape","Public Health","2022/01/29 00:00:00","52"
"northern cape","Public Health","2022/04/02 00:00:00","71"
"free state","Private Health","2022/08/02 00:00:00","39"
"north west","Public Health","2021/10/02 00:00:00","8380"
"gauteng","Public Health","2021/07/20 00:00:00","36049"
"western cape","Private Health","2021/11/10 00:00:00","7001"
"north west","Private Health","2022/03/31 00:00:00","1270"
"limpopo","Public Health","2022/03/06 00:00:00","27"
"northern cape","Private Health","2021/11/19 00:00:00","1016"
"mpumalanga","Private Health","2021/12/12 00:00:00","34"
"mpumalanga","Public Health","2021/06/24 00:00:00","10029"
"kwazulu-natal","Private Health","2022/01/15 00:00:00","2231"
"limpopo","Private Health","2022/09/16 00:00:00","76"
"northern cape","Private Health","2022/03/01 00:00:00","524"
"gauteng","Public Health","2022/05/18 00:00:00","8288"
"kwazulu-natal","Private Health","2021/02/25 00:00:00","486"
"western cape","Public Health","2022/08/26 00:00:00","701"
"eastern cape","Public Health","2022/02/14 00:00:00","5428"
"kwazulu-natal","Public Health","2022/02/20 00:00:00","959"
"limpopo","Public Health","2021/07/17 00:00:00","939"
"mpumalanga","Public Health","2021/12/10 00:00:00","5346"
"free state","Private Health","2022/01/14 00:00:00","1317"
"kwazulu-natal","Private Health","2021/03/17 00:00:00","1311"
"eastern cape","Private Health","2021/03/11 00:00:00","326"
"western cape","Private Health","2022/11/09 00:00:00","44"
"northern cape","Private Health","2021/08/24 00:00:00","932"
"north west","Private Health","2022/10/21 00:00:00","25"
"northern cape","Public Health","2021/11/11 00:00:00","2593"
"eastern cape","Public Health","2021/10/29 00:00:00","11509"
"limpopo","Public Health","2021/02/27 00:00:00","568"
"limpopo","Public Health","2021/06/18 00:00:00","625"
"northern cape","Private Health","2022/08/17 00:00:00","27"
"kwazulu-natal","Public Health","2022/02/23 00:00:00","14050"
"limpopo","Private Health","2022/04/07 00:00:00","987"
"western cape","Public Health","2022/01/20 00:00:00","8713"
"north west","Public Health","2021/08/19 00:00:00","6813"
"mpumalanga","Private Health","2022/11/15 00:00:00","1"
"gauteng","Public Health","2022/01/20 00:00:00","15329"
"eastern cape","Public Health","2022/02/02 00:00:00","6454"
"limpopo","Private Health","2022/09/29 00:00:00","79"
"limpopo","Private Health","2022/01/04 00:00:00","1694"
"northern cape","Public Health","2022/07/09 00:00:00","19"
"mpumalanga","Public Health","2022/07/15 00:00:00","1532"
"free state","Public Health","2022/10/09 00:00:00","10"
"north west","Private Health","2022/10/14 00:00:00","21"
"north west","Private Health","2021/07/03 00:00:00","97"
"limpopo","Private Health","2022/09/14 00:00:00","73"
"western cape","Private Health","2021/08/10 00:00:00","11713"
"northern cape","Private Health","2021/06/28 00:00:00","281"
"free state","Public Health","2022/04/22 00:00:00","3371"
"mpumalanga","Public Health","2022/02/12 00:00:00","865"
"north west","Public Health","2021/10/20 00:00:00","9764"
"free state","Private Health","2021/10/02 00:00:00","1349"
"western cape","Private Health","2021/09/14 00:00:00","13688"
"free state","Private Health","2021/09/29 00:00:00","2479"
"free state","Private Health","2021/12/15 00:00:00","1224"
"kwazulu-natal","Public Health","2021/03/06 00:00:00","1"
"gauteng","Public Health","2021/12/18 00:00:00","3060"
"mpumalanga","Private Health","2021/09/26 00:00:00","51"
"kwazulu-natal","Public Health","2021/07/28 00:00:00","33006"
"eastern cape","Public Health","2021/11/16 00:00:00","14737"
"free state","Private Health","2022/07/28 00:00:00","34"
"limpopo","Private Health","2021/12/21 00:00:00","1787"
"kwazulu-natal","Private Health","2021/06/26 00:00:00","148"
"northern cape","Private Health","2022/05/27 00:00:00","126"
"gauteng","Private Health","2022/07/04 00:00:00","1577"
"gauteng","Private Health","2021/06/17 00:00:00","6918"
"western cape","Public Health","2021/04/01 00:00:00","916"
"free state","Private Health","2021/12/28 00:00:00","940"
"eastern cape","Public Health","2022/11/14 00:00:00","2204"
"mpumalanga","Private Health","2021/12/27 00:00:00","109"
"free state","Private Health","2022/06/29 00:00:00","154"
"western cape","Private Health","2021/03/23 00:00:00","631"
"western cape","Public Health","2021/12/24 00:00:00","1679"
"gauteng","Private Health","2022/05/15 00:00:00","255"
"eastern cape","Public Health","2022/07/26 00:00:00","3234"
"north west","Public Health","2022/08/04 00:00:00","278"
"gauteng","Private Health","2022/01/17 00:00:00","13446"
"mpumalanga","Public Health","2021/10/07 00:00:00","11928"
"limpopo","Public Health","2021/09/13 00:00:00","15925"
"eastern cape","Private Health","2022/10/05 00:00:00","22"
"eastern cape","Private Health","2022/07/15 00:00:00","164"
"northern cape","Public Health","2021/05/28 00:00:00","525"
"free state","Public Health","2021/10/11 00:00:00","8416"
"free state","Public Health","2021/04/30 00:00:00","673"
"eastern cape","Private Health","2021/09/02 00:00:00","5653"
"free state","Private Health","2022/02/22 00:00:00","1252"
"western cape","Private Health","2022/04/22 00:00:00","2838"
"north west","Private Health","2022/09/27 00:00:00","18"
"gauteng","Public Health","2022/10/12 00:00:00","1138"
"mpumalanga","Public Health","2021/09/29 00:00:00","9093"
"mpumalanga","Public Health","2021/03/21 00:00:00","5"
"free state","Public Health","2022/07/31 00:00:00","1"
"northern cape","Public Health","2021/10/13 00:00:00","3189"
"western cape","Private Health","2022/08/29 00:00:00","219"
"north west","Private Health","2022/01/02 00:00:00","16"
"gauteng","Private Health","2021/10/26 00:00:00","24173"
"eastern cape","Private Health","2022/06/09 00:00:00","332"
"kwazulu-natal","Public Health","2022/08/09 00:00:00","200"
"eastern cape","Private Health","2022/08/31 00:00:00","67"
"free state","Public Health","2022/08/01 00:00:00","603"
"limpopo","Private Health","2021/11/28 00:00:00","39"
"limpopo","Private Health","2021/09/24 00:00:00","139"
"free state","Private Health","2021/06/30 00:00:00","755"
"kwazulu-natal","Private Health","2022/09/21 00:00:00","35"
"free state","Private Health","2022/01/30 00:00:00","87"
"kwazulu-natal","Private Health","2021/12/16 00:00:00","894"
"gauteng","Private Health","2022/02/27 00:00:00","644"
"free state","Public Health","2022/06/18 00:00:00","45"
"gauteng","Public Health","2021/08/15 00:00:00","804"
"eastern cape","Private Health","2021/12/01 00:00:00","3290"
"free state","Private Health","2021/11/15 00:00:00","1894"
"limpopo","Private Health","2021/10/19 00:00:00","3360"
"gauteng","Public Health","2022/04/22 00:00:00","7778"
"kwazulu-natal","Private Health","2021/11/25 00:00:00","4234"
"eastern cape","Public Health","2021/10/08 00:00:00","14528"
"western cape","Private Health","2021/03/10 00:00:00","449"
"eastern cape","Public Health","2021/06/26 00:00:00","79"
"eastern cape","Private Health","2022/03/28 00:00:00","1518"
"north west","Private Health","2022/06/26 00:00:00","72"
"mpumalanga","Private Health","2021/11/17 00:00:00","1426"
"north west","Public Health","2021/07/26 00:00:00","9385"
"western cape","Public Health","2022/09/23 00:00:00","488"
"mpumalanga","Public Health","2021/08/07 00:00:00","2099"
"free state","Private Health","2022/04/04 00:00:00","949"
"eastern cape","Public Health","2021/07/14 00:00:00","22131"
"eastern cape","Public Health","2022/05/31 00:00:00","5663"
"eastern cape","Public Health","2021/12/31 00:00:00","671"
"north west","Public Health","2022/04/27 00:00:00","1305"
"limpopo","Public Health","2022/09/25 00:00:00","5"
"mpumalanga","Public Health","2022/08/07 00:00:00","52"
"limpopo","Private Health","2022/07/18 00:00:00","237"
"mpumalanga","Public Health","2021/02/19 00:00:00","536"
"gauteng","Private Health","2021/07/04 00:00:00","3134"
"north west","Private Health","2021/09/03 00:00:00","4700"
"mpumalanga","Private Health","2022/09/04 00:00:00","5"
"kwazulu-natal","Public Health","2022/10/13 00:00:00","877"
"gauteng","Private Health","2022/09/14 00:00:00","236"
"kwazulu-natal","Public Health","2022/09/23 00:00:00","667"
"eastern cape","Public Health","2021/08/09 00:00:00","1162"
"gauteng","Private Health","2021/05/23 00:00:00","372"
"kwazulu-natal","Private Health","2022/03/19 00:00:00","1937"
"western cape","Private Health","2021/07/29 00:00:00","10325"
"gauteng","Public Health","2022/04/09 00:00:00","2904"
"western cape","Private Health","2022/02/24 00:00:00","5072"
"northern cape","Private Health","2022/04/30 00:00:00","50"
"north west","Private Health","2022/09/09 00:00:00","59"
"free state","Public Health","2022/08/13 00:00:00","13"
"mpumalanga","Private Health","2021/06/11 00:00:00","227"
"northern cape","Private Health","2022/02/10 00:00:00","288"
"free state","Public Health","2021/12/25 00:00:00","2"
"northern cape","Private Health","2022/03/26 00:00:00","254"
"free state","Private Health","2022/02/12 00:00:00","176"
"north west","Private Health","2022/02/24 00:00:00","1095"
"mpumalanga","Private Health","2022/10/05 00:00:00","5"
"limpopo","Private Health","2022/03/08 00:00:00","1442"
"free state","Public Health","2021/09/08 00:00:00","10392"
"eastern cape","Public Health","2021/06/13 00:00:00","60"
"western cape","Private Health","2022/01/07 00:00:00","3772"
"western cape","Private Health","2022/04/30 00:00:00","939"
"free state","Public Health","2022/10/30 00:00:00","1"
"kwazulu-natal","Public Health","2022/04/18 00:00:00","480"
"mpumalanga","Public Health","2021/10/02 00:00:00","6900"
"mpumalanga","Public Health","2022/07/05 00:00:00","1776"
"western cape","Public Health","2022/08/13 00:00:00","27"
"western cape","Public Health","2022/01/07 00:00:00","6259"
"western cape","Private Health","2021/02/22 00:00:00","154"
"north west","Private Health","2022/11/16 00:00:00","29"
"western cape","Public Health","2021/03/29 00:00:00","1729"
"mpumalanga","Private Health","2022/05/16 00:00:00","305"
"limpopo","Private Health","2021/09/26 00:00:00","2"
"gauteng","Private Health","2021/10/10 00:00:00","4083"
"mpumalanga","Public Health","2022/07/20 00:00:00","1747"
"western cape","Public Health","2021/05/23 00:00:00","1"
"western cape","Public Health","2021/09/14 00:00:00","28073"
"limpopo","Public Health","2021/05/26 00:00:00","6761"
"gauteng","Private Health","2022/04/20 00:00:00","4858"
"limpopo","Private Health","2022/11/20 00:00:00","5"
"western cape","Private Health","2021/09/27 00:00:00","10824"
"free state","Private Health","2021/12/08 00:00:00","1776"
"northern cape","Public Health","2022/05/10 00:00:00","974"
"gauteng","Private Health","2022/08/26 00:00:00","610"
"gauteng","Public Health","2021/07/24 00:00:00","2128"
"western cape","Public Health","2021/07/11 00:00:00","42"
"western cape","Private Health","2022/03/04 00:00:00","6823"
"gauteng","Public Health","2022/01/23 00:00:00","1165"
"mpumalanga","Private Health","2021/12/25 00:00:00","1"
"northern cape","Public Health","2022/12/01 00:00:00","178"
"mpumalanga","Private Health","2021/05/05 00:00:00","1"
"gauteng","Public Health","2021/05/31 00:00:00","15033"
"western cape","Private Health","2021/04/07 00:00:00","291"
"eastern cape","Public Health","2021/12/29 00:00:00","2223"
"eastern cape","Public Health","2022/08/29 00:00:00","1799"
"limpopo","Private Health","2022/02/28 00:00:00","2125"
"mpumalanga","Public Health","2021/02/20 00:00:00","873"
"limpopo","Private Health","2021/06/11 00:00:00","270"
"mpumalanga","Public Health","2021/09/30 00:00:00","8604"
"mpumalanga","Public Health","2022/10/15 00:00:00","22"
"eastern cape","Public Health","2022/05/06 00:00:00","6772"
"eastern cape","Public Health","2021/10/11 00:00:00","17910"
"northern cape","Public Health","2021/08/14 00:00:00","301"
"free state","Public Health","2022/02/27 00:00:00","1"
"free state","Private Health","2021/12/03 00:00:00","2039"
"gauteng","Private Health","2021/03/30 00:00:00","2229"
"north west","Public Health","2022/10/26 00:00:00","548"
"gauteng","Public Health","2021/07/31 00:00:00","3954"
"mpumalanga","Public Health","2021/10/29 00:00:00","8476"
"gauteng","Private Health","2021/07/15 00:00:00","22299"
"northern cape","Private Health","2021/12/21 00:00:00","320"
"gauteng","Private Health","2022/02/07 00:00:00","8167"
"free state","Public Health","2021/06/14 00:00:00","4917"
"northern cape","Public Health","2022/03/04 00:00:00","1278"
"western cape","Public Health","2022/09/06 00:00:00","811"
"limpopo","Public Health","2021/06/23 00:00:00","10730"
"limpopo","Public Health","2022/11/13 00:00:00","2"
"gauteng","Private Health","2022/10/16 00:00:00","3"
"kwazulu-natal","Public Health","2021/04/05 00:00:00","1"
"limpopo","Public Health","2022/11/02 00:00:00","1096"
"north west","Public Health","2021/07/17 00:00:00","2518"
"free state","Private Health","2022/05/07 00:00:00","156"
"western cape","Private Health","2021/10/05 00:00:00","13080"
"western cape","Private Health","2022/06/11 00:00:00","415"
"free state","Private Health","2022/04/23 00:00:00","66"
"north west","Private Health","2022/08/01 00:00:00","64"
"limpopo","Public Health","2021/12/14 00:00:00","8265"
"gauteng","Public Health","2022/04/27 00:00:00","1508"
"kwazulu-natal","Private Health","2022/09/03 00:00:00","49"
"free state","Private Health","2022/05/26 00:00:00","604"
"northern cape","Private Health","2021/08/03 00:00:00","680"
"mpumalanga","Public Health","2022/01/05 00:00:00","4620"
"limpopo","Private Health","2022/10/21 00:00:00","130"
"free state","Public Health","2022/06/01 00:00:00","2665"
"northern cape","Public Health","2021/10/04 00:00:00","3352"
"western cape","Public Health","2021/07/22 00:00:00","29177"
"northern cape","Public Health","2021/06/29 00:00:00","2292"
"free state","Private Health","2021/09/03 00:00:00","3629"
"mpumalanga","Public Health","2021/09/22 00:00:00","9610"
"free state","Private Health","2022/07/21 00:00:00","41"
"north west","Public Health","2021/06/24 00:00:00","7632"
"northern cape","Private Health","2021/11/04 00:00:00","1147"
"kwazulu-natal","Public Health","2021/08/28 00:00:00","4924"
"free state","Public Health","2021/03/12 00:00:00","364"
"free state","Private Health","2022/03/25 00:00:00","1326"
"limpopo","Public Health","2021/09/15 00:00:00","17877"
"north west","Public Health","2022/09/17 00:00:00","54"
"gauteng","Public Health","2021/04/23 00:00:00","2"
"kwazulu-natal","Public Health","2022/10/11 00:00:00","736"
"western cape","Public Health","2022/04/23 00:00:00","175"
"north west","Private Health","2021/07/16 00:00:00","1704"
"eastern cape","Public Health","2022/02/21 00:00:00","6371"
"eastern cape","Public Health","2022/08/27 00:00:00","7"
"northern cape","Public Health","2022/02/21 00:00:00","628"
"western cape","Public Health","2021/12/05 00:00:00","2077"
"northern cape","Private Health","2022/06/21 00:00:00","53"
"north west","Private Health","2021/06/19 00:00:00","6"
"northern cape","Public Health","2021/05/24 00:00:00","591"
"western cape","Private Health","2022/11/15 00:00:00","13"
"north west","Public Health","2022/11/07 00:00:00","204"
"eastern cape","Private Health","2022/08/01 00:00:00","111"
"western cape","Private Health","2022/03/27 00:00:00","97"
"north west","Public Health","2022/09/22 00:00:00","312"
"gauteng","Private Health","2022/07/22 00:00:00","1057"
"mpumalanga","Public Health","2022/02/28 00:00:00","5365"
"eastern cape","Private Health","2022/03/10 00:00:00","1836"
"north west","Public Health","2021/12/27 00:00:00","505"
"gauteng","Private Health","2022/10/11 00:00:00","247"
"western cape","Private Health","2021/07/08 00:00:00","8915"
"gauteng","Public Health","2021/06/14 00:00:00","12455"
"limpopo","Public Health","2022/01/11 00:00:00","9655"
"north west","Public Health","2021/04/12 00:00:00","186"
"gauteng","Private Health","2022/02/18 00:00:00","10442"
"eastern cape","Public Health","2022/08/28 00:00:00","6"
"northern cape","Public Health","2022/06/24 00:00:00","714"
"western cape","Public Health","2022/02/10 00:00:00","4872"
"limpopo","Public Health","2022/09/12 00:00:00","850"
"kwazulu-natal","Private Health","2022/11/15 00:00:00","23"
"mpumalanga","Private Health","2022/04/05 00:00:00","507"
"north west","Private Health","2022/06/22 00:00:00","281"
"limpopo","Private Health","2022/10/16 00:00:00","6"
"northern cape","Private Health","2022/05/19 00:00:00","184"
"mpumalanga","Private Health","2021/10/22 00:00:00","2500"
"eastern cape","Public Health","2022/02/26 00:00:00","288"
"western cape","Private Health","2022/05/29 00:00:00","60"
"kwazulu-natal","Private Health","2021/06/09 00:00:00","1166"
"limpopo","Private Health","2022/05/11 00:00:00","967"
"kwazulu-natal","Public Health","2021/07/30 00:00:00","33322"
"mpumalanga","Private Health","2022/08/25 00:00:00","40"
"mpumalanga","Public Health","2022/03/28 00:00:00","5254"
"western cape","Public Health","2021/07/08 00:00:00","23867"
"kwazulu-natal","Public Health","2021/09/15 00:00:00","24492"
"kwazulu-natal","Private Health","2021/12/14 00:00:00","3795"
"gauteng","Public Health","2022/09/16 00:00:00","1034"
"north west","Public Health","2022/07/14 00:00:00","727"
"northern cape","Private Health","2022/09/16 00:00:00","8"
"kwazulu-natal","Private Health","2022/04/30 00:00:00","1252"
"free state","Public Health","2021/06/19 00:00:00","312"
"mpumalanga","Public Health","2022/05/25 00:00:00","3551"
"kwazulu-natal","Private Health","2021/11/22 00:00:00","4057"
"kwazulu-natal","Public Health","2022/04/19 00:00:00","6407"
"limpopo","Private Health","2022/07/12 00:00:00","178"
"kwazulu-natal","Private Health","2021/03/03 00:00:00","518"
"northern cape","Private Health","2022/08/11 00:00:00","17"
"gauteng","Private Health","2022/08/06 00:00:00","339"
"mpumalanga","Public Health","2022/02/25 00:00:00","4556"
"limpopo","Private Health","2022/12/12 00:00:00","26"
"eastern cape","Public Health","2021/09/11 00:00:00","3285"
"kwazulu-natal","Public Health","2022/06/25 00:00:00","342"
"gauteng","Private Health","2021/05/24 00:00:00","4597"
"northern cape","Private Health","2021/03/03 00:00:00","33"
"western cape","Private Health","2022/02/02 00:00:00","4317"
"free state","Public Health","2021/07/21 00:00:00","13639"
"western cape","Public Health","2022/02/21 00:00:00","4738"
"gauteng","Private Health","2022/11/30 00:00:00","208"
"gauteng","Private Health","2021/04/30 00:00:00","1508"
"north west","Public Health","2022/10/23 00:00:00","179"
"western cape","Private Health","2022/03/29 00:00:00","4085"
"mpumalanga","Public Health","2022/07/12 00:00:00","1781"
"eastern cape","Private Health","2021/11/26 00:00:00","3055"
"eastern cape","Private Health","2021/05/18 00:00:00","77"
"limpopo","Private Health","2022/03/22 00:00:00","1507"
"kwazulu-natal","Public Health","2022/06/20 00:00:00","4801"
"limpopo","Private Health","2022/09/30 00:00:00","50"
"limpopo","Public Health","2021/10/07 00:00:00","17802"
"north west","Private Health","2022/01/27 00:00:00","917"
"north west","Public Health","2022/11/08 00:00:00","246"
"kwazulu-natal","Private Health","2022/06/18 00:00:00","445"
"free state","Public Health","2022/12/01 00:00:00","272"
"gauteng","Public Health","2021/06/13 00:00:00","180"
"mpumalanga","Private Health","2021/12/24 00:00:00","414"
"gauteng","Public Health","2022/10/01 00:00:00","110"
"western cape","Private Health","2021/05/21 00:00:00","188"
"gauteng","Public Health","2021/08/09 00:00:00","1482"
"north west","Public Health","2022/04/25 00:00:00","2713"
"western cape","Private Health","2022/05/25 00:00:00","1579"
"northern cape","Public Health","2022/08/02 00:00:00","63"
"north west","Public Health","2021/09/30 00:00:00","8749"
"northern cape","Private Health","2021/10/27 00:00:00","1096"
"free state","Private Health","2022/06/05 00:00:00","5"
"free state","Public Health","2021/07/14 00:00:00","8567"
"gauteng","Private Health","2021/11/06 00:00:00","6853"
"kwazulu-natal","Private Health","2022/09/30 00:00:00","33"
"north west","Public Health","2022/09/28 00:00:00","298"
"eastern cape","Private Health","2021/12/17 00:00:00","1615"
"limpopo","Private Health","2021/11/23 00:00:00","2199"
"eastern cape","Public Health","2021/12/09 00:00:00","9987"
"free state","Public Health","2021/07/04 00:00:00","14"
"kwazulu-natal","Private Health","2022/01/13 00:00:00","3775"
"mpumalanga","Private Health","2021/09/20 00:00:00","2430"
"mpumalanga","Private Health","2021/11/05 00:00:00","1911"
"free state","Private Health","2021/08/29 00:00:00","82"
"free state","Private Health","2022/06/13 00:00:00","326"
"north west","Public Health","2022/05/09 00:00:00","2950"
"limpopo","Public Health","2021/10/08 00:00:00","13258"
"gauteng","Public Health","2021/10/31 00:00:00","3036"
"gauteng","Private Health","2021/06/19 00:00:00","157"
"gauteng","Private Health","2021/11/30 00:00:00","22419"
"gauteng","Private Health","2022/01/03 00:00:00","9694"
"limpopo","Private Health","2022/07/09 00:00:00","68"
"north west","Public Health","2021/08/27 00:00:00","11143"
"mpumalanga","Private Health","2022/08/13 00:00:00","15"
"kwazulu-natal","Private Health","2021/10/13 00:00:00","6269"
"eastern cape","Public Health","2022/10/31 00:00:00","1369"
"free state","Private Health","2022/12/06 00:00:00","2"
"limpopo","Public Health","2022/06/20 00:00:00","3942"
"limpopo","Private Health","2021/05/22 00:00:00","1"
"mpumalanga","Public Health","2022/09/05 00:00:00","739"
"kwazulu-natal","Private Health","2021/07/03 00:00:00","585"
"gauteng","Private Health","2021/10/30 00:00:00","9159"
"eastern cape","Public Health","2021/07/23 00:00:00","21506"
"north west","Private Health","2022/04/14 00:00:00","613"
"north west","Private Health","2022/12/07 00:00:00","40"
"free state","Public Health","2022/08/30 00:00:00","579"
"kwazulu-natal","Public Health","2022/02/06 00:00:00","933"
"free state","Public Health","2021/06/11 00:00:00","4508"
"free state","Private Health","2022/01/28 00:00:00","1139"
"gauteng","Public Health","2022/04/07 00:00:00","8858"
"northern cape","Public Health","2022/07/15 00:00:00","609"
"limpopo","Private Health","2022/10/15 00:00:00","31"
"eastern cape","Private Health","2022/05/03 00:00:00","819"
"mpumalanga","Public Health","2022/01/22 00:00:00","1012"
"northern cape","Private Health","2022/06/04 00:00:00","43"
"gauteng","Private Health","2022/11/08 00:00:00","176"
"gauteng","Public Health","2022/12/06 00:00:00","1394"
"north west","Private Health","2021/09/26 00:00:00","166"
"limpopo","Public Health","2021/03/19 00:00:00","415"
"western cape","Private Health","2022/06/07 00:00:00","1139"
"north west","Private Health","2022/07/08 00:00:00","123"
"free state","Private Health","2022/04/30 00:00:00","172"
"kwazulu-natal","Private Health","2022/05/18 00:00:00","898"
"north west","Private Health","2021/11/28 00:00:00","14"
"kwazulu-natal","Private Health","2021/12/25 00:00:00","3"
"eastern cape","Public Health","2021/07/09 00:00:00","19320"
"free state","Private Health","2021/11/10 00:00:00","1556"
"gauteng","Private Health","2021/04/15 00:00:00","1"
"north west","Public Health","2022/04/26 00:00:00","3367"
"northern cape","Private Health","2021/05/09 00:00:00","38"
"northern cape","Public Health","2022/06/13 00:00:00","936"
"western cape","Private Health","2021/06/01 00:00:00","1285"
"western cape","Public Health","2022/07/22 00:00:00","1056"
"eastern cape","Private Health","2022/02/14 00:00:00","1156"
"mpumalanga","Private Health","2022/03/08 00:00:00","967"
"kwazulu-natal","Private Health","2021/11/15 00:00:00","5110"
"mpumalanga","Public Health","2021/03/01 00:00:00","274"
"north west","Public Health","2021/11/05 00:00:00","5495"
"eastern cape","Public Health","2021/10/25 00:00:00","18188"
"mpumalanga","Public Health","2022/04/04 00:00:00","2825"
"northern cape","Private Health","2021/09/15 00:00:00","1315"
"gauteng","Public Health","2022/07/14 00:00:00","1655"
"kwazulu-natal","Private Health","2021/03/10 00:00:00","720"
"gauteng","Public Health","2021/07/14 00:00:00","25379"
"free state","Private Health","2022/05/24 00:00:00","610"
"mpumalanga","Private Health","2021/07/24 00:00:00","101"
"kwazulu-natal","Public Health","2021/06/04 00:00:00","12370"
"gauteng","Public Health","2021/05/23 00:00:00","331"
"western cape","Public Health","2021/07/29 00:00:00","25736"
"mpumalanga","Public Health","2021/05/01 00:00:00","84"
"western cape","Private Health","2021/12/18 00:00:00","1015"
"mpumalanga","Public Health","2021/06/29 00:00:00","5422"
"limpopo","Private Health","2021/09/18 00:00:00","448"
"limpopo","Private Health","2021/12/22 00:00:00","1607"
"gauteng","","2022/09/27 00:00:00","1"
"limpopo","Private Health","2022/02/14 00:00:00","993"
"northern cape","Public Health","2021/10/24 00:00:00","242"
"free state","Public Health","2022/09/29 00:00:00","394"
"gauteng","Private Health","2021/07/03 00:00:00","4154"
"western cape","Public Health","2022/03/26 00:00:00","851"
"kwazulu-natal","Public Health","2022/11/25 00:00:00","490"
"free state","Private Health","2021/11/01 00:00:00","305"
"eastern cape","Public Health","2022/06/16 00:00:00","1177"
"northern cape","Public Health","2022/01/07 00:00:00","891"
"north west","Private Health","2021/08/04 00:00:00","2786"
"western cape","Private Health","2021/04/14 00:00:00","1"
"eastern cape","Public Health","2021/05/03 00:00:00","497"
"north west","Public Health","2021/05/16 00:00:00","2"
"kwazulu-natal","Public Health","2021/08/20 00:00:00","29509"
"mpumalanga","Private Health","2022/07/28 00:00:00","345"
"north west","Public Health","2022/07/24 00:00:00","259"
"free state","Public Health","2021/12/31 00:00:00","498"
"gauteng","Public Health","2021/06/19 00:00:00","89"
"mpumalanga","Public Health","2022/09/01 00:00:00","913"
"northern cape","Private Health","2022/02/05 00:00:00","89"
"free state","Private Health","2022/04/13 00:00:00","820"
"free state","Public Health","2022/11/12 00:00:00","4"
"mpumalanga","Public Health","2022/07/28 00:00:00","2099"
"limpopo","Public Health","2021/09/24 00:00:00","1131"
"mpumalanga","Private Health","2022/06/09 00:00:00","239"
"limpopo","Public Health","2022/08/17 00:00:00","1681"
"mpumalanga","Private Health","2021/05/11 00:00:00","122"
"eastern cape","Public Health","2021/06/16 00:00:00","180"
"north west","Private Health","2021/12/14 00:00:00","1794"
"free state","Private Health","2022/04/17 00:00:00","60"
"gauteng","Public Health","2022/08/11 00:00:00","1488"
"mpumalanga","Private Health","2021/06/23 00:00:00","289"
"northern cape","Private Health","2021/11/05 00:00:00","1102"
"gauteng","Public Health","2021/06/08 00:00:00","13805"
"kwazulu-natal","Private Health","2022/08/27 00:00:00","65"
"northern cape","Public Health","2022/07/28 00:00:00","780"
"kwazulu-natal","Private Health","2022/10/01 00:00:00","6"
"kwazulu-natal","Public Health","2022/03/05 00:00:00","2387"
"northern cape","Private Health","2022/07/11 00:00:00","39"
"kwazulu-natal","Private Health","2021/11/11 00:00:00","4374"
"mpumalanga","Public Health","2021/07/14 00:00:00","8948"
"eastern cape","Private Health","2022/12/07 00:00:00","24"
"limpopo","Public Health","2021/07/07 00:00:00","16850"
"kwazulu-natal","Private Health","2022/05/17 00:00:00","920"
"eastern cape","Public Health","2021/07/01 00:00:00","18275"
"northern cape","Public Health","2021/06/27 00:00:00","80"
"northern cape","Public Health","2022/07/20 00:00:00","761"
"mpumalanga","Private Health","2021/03/21 00:00:00","1"
"gauteng","Private Health","2022/01/07 00:00:00","13637"
"mpumalanga","Private Health","2021/10/14 00:00:00","2978"
"northern cape","Public Health","2022/03/23 00:00:00","1087"
"north west","Public Health","2021/12/19 00:00:00","1122"
"limpopo","Private Health","2021/03/12 00:00:00","335"
"gauteng","Public Health","2021/09/14 00:00:00","37233"
"northern cape","Public Health","2021/12/19 00:00:00","43"
"north west","Public Health","2022/03/25 00:00:00","3438"
"mpumalanga","Private Health","2022/01/26 00:00:00","1129"
"gauteng","Public Health","2021/10/09 00:00:00","7556"
"free state","Public Health","2022/04/02 00:00:00","210"
"northern cape","Public Health","2022/05/04 00:00:00","926"
"limpopo","Public Health","2021/05/10 00:00:00","463"
"western cape","Public Health","2021/06/17 00:00:00","12185"
"western cape","Public Health","2021/08/16 00:00:00","21273"
"limpopo","Private Health","2022/01/29 00:00:00","450"
"gauteng","Public Health","2021/03/05 00:00:00","1685"
"gauteng","Private Health","2021/04/24 00:00:00","1"
"mpumalanga","Public Health","2022/03/26 00:00:00","868"
"mpumalanga","Public Health","2022/09/25 00:00:00","2"
"northern cape","Public Health","2022/05/26 00:00:00","1322"
"eastern cape","Public Health","2022/08/31 00:00:00","2078"
"limpopo","Private Health","2022/04/08 00:00:00","1084"
"north west","Private Health","2021/08/03 00:00:00","2809"
"western cape","Public Health","2022/02/06 00:00:00","13"
"gauteng","Public Health","2021/09/09 00:00:00","31550"
"western cape","Public Health","2022/09/04 00:00:00","29"
"mpumalanga","Public Health","2022/09/26 00:00:00","593"
"free state","Public Health","2021/12/08 00:00:00","7599"
"free state","Public Health","2021/02/24 00:00:00","827"
"limpopo","Public Health","2021/06/12 00:00:00","245"
"limpopo","Private Health","2021/09/11 00:00:00","769"
"western cape","Private Health","2021/11/19 00:00:00","8152"
"western cape","Private Health","2022/12/08 00:00:00","8"
"western cape","Public Health","2021/09/20 00:00:00","14083"
"mpumalanga","Private Health","2022/11/18 00:00:00","2"
"kwazulu-natal","Public Health","2022/11/12 00:00:00","55"
"mpumalanga","Private Health","2021/11/09 00:00:00","1675"
"eastern cape","Public Health","2021/09/09 00:00:00","23719"
"north west","Public Health","2022/09/25 00:00:00","129"
"limpopo","Private Health","2022/05/26 00:00:00","854"
"limpopo","Private Health","2022/01/17 00:00:00","1701"
"north west","Public Health","2022/08/24 00:00:00","208"
"northern cape","Public Health","2021/12/10 00:00:00","2124"
"northern cape","Private Health","2021/10/19 00:00:00","928"
"limpopo","Public Health","2022/07/05 00:00:00","1171"
"gauteng","Public Health","2022/11/23 00:00:00","1661"
"eastern cape","Private Health","2022/10/13 00:00:00","20"
"gauteng","Private Health","2021/07/17 00:00:00","8229"
"western cape","Public Health","2021/07/28 00:00:00","23786"
"gauteng","Public Health","2021/04/15 00:00:00","2"
"north west","Public Health","2022/03/01 00:00:00","5250"
"mpumalanga","Public Health","2021/05/30 00:00:00","12"
"gauteng","Private Health","2022/11/16 00:00:00","245"
"kwazulu-natal","Private Health","2022/11/25 00:00:00","27"
"limpopo","Private Health","2021/12/08 00:00:00","2605"
"kwazulu-natal","Private Health","2021/03/05 00:00:00","597"
"gauteng","Private Health","2022/07/31 00:00:00","39"
"western cape","Public Health","2021/12/15 00:00:00","9012"
"free state","Public Health","2022/01/31 00:00:00","3348"
"north west","Private Health","2022/02/25 00:00:00","1305"
"eastern cape","Public Health","2021/07/04 00:00:00","192"
"limpopo","Private Health","2021/05/26 00:00:00","637"
"western cape","Public Health","2021/02/21 00:00:00","409"
"northern cape","Public Health","2022/01/16 00:00:00","53"
"free state","Public Health","2022/08/29 00:00:00","502"
"northern cape","Public Health","2021/11/05 00:00:00","2419"
"western cape","Public Health","2022/07/03 00:00:00","7"
"limpopo","Private Health","2022/04/24 00:00:00","163"
"western cape","Private Health","2021/08/05 00:00:00","10854"
"northern cape","Public Health","2021/08/07 00:00:00","662"
"gauteng","Public Health","2021/09/01 00:00:00","40357"
"western cape","Public Health","2021/04/04 00:00:00","1"
"gauteng","Private Health","2022/04/30 00:00:00","2999"
"western cape","Private Health","2022/08/15 00:00:00","233"
"western cape","Public Health","2022/10/29 00:00:00","52"
"kwazulu-natal","Private Health","2022/04/04 00:00:00","1975"
"northern cape","Public Health","2022/06/14 00:00:00","915"
"eastern cape","Private Health","2021/09/22 00:00:00","3795"
"eastern cape","Private Health","2021/05/06 00:00:00","78"
"free state","Private Health","2022/01/17 00:00:00","1161"
"gauteng","Public Health","2022/05/26 00:00:00","7529"
"northern cape","Private Health","2022/10/01 00:00:00","4"
"limpopo","Public Health","2021/06/05 00:00:00","4"
"limpopo","Private Health","2022/07/23 00:00:00","41"
"free state","Private Health","2021/12/14 00:00:00","1373"
"eastern cape","Public Health","2021/08/17 00:00:00","22527"
"western cape","Private Health","2022/11/12 00:00:00","30"
"limpopo","Public Health","2022/02/12 00:00:00","270"
"western cape","Private Health","2022/05/03 00:00:00","2603"
"north west","Private Health","2022/04/21 00:00:00","828"
"mpumalanga","Public Health","2021/09/11 00:00:00","2969"
"gauteng","Private Health","2021/04/18 00:00:00","2"
"northern cape","Public Health","2021/08/18 00:00:00","3563"
"western cape","Public Health","2022/10/13 00:00:00","530"
"kwazulu-natal","Public Health","2022/04/14 00:00:00","3328"
"kwazulu-natal","Private Health","2022/07/01 00:00:00","434"
"kwazulu-natal","Private Health","2022/06/27 00:00:00","372"
"north west","Public Health","2022/03/19 00:00:00","1456"
"north west","Public Health","2021/10/29 00:00:00","8568"
"western cape","Private Health","2021/10/06 00:00:00","13272"
"mpumalanga","Private Health","2022/08/05 00:00:00","95"
"limpopo","Public Health","2022/07/09 00:00:00","30"
"north west","Public Health","2022/03/30 00:00:00","4597"
"mpumalanga","Public Health","2022/02/06 00:00:00","117"
"mpumalanga","Private Health","2021/07/02 00:00:00","524"
"north west","Public Health","2022/12/06 00:00:00","343"
"north west","Private Health","2022/04/18 00:00:00","43"
"eastern cape","Private Health","2021/10/25 00:00:00","3231"
"eastern cape","Private Health","2021/08/14 00:00:00","278"
"gauteng","Private Health","2021/08/31 00:00:00","35235"
"free state","Public Health","2021/11/01 00:00:00","2324"
"mpumalanga","Public Health","2021/07/26 00:00:00","11030"
"western cape","Public Health","2022/09/18 00:00:00","33"
"free state","Private Health","2021/08/21 00:00:00","318"
"mpumalanga","Private Health","2022/11/01 00:00:00","1"
"western cape","Public Health","2022/05/02 00:00:00","78"
"kwazulu-natal","Private Health","2022/02/01 00:00:00","2407"
"free state","Public Health","2022/07/22 00:00:00","971"
"gauteng","Private Health","2021/11/29 00:00:00","22530"
"north west","Public Health","2022/11/06 00:00:00","107"
"limpopo","Private Health","2022/08/08 00:00:00","121"
"eastern cape","Public Health","2021/08/02 00:00:00","23333"
"western cape","Private Health","2021/10/10 00:00:00","1066"
"free state","Public Health","2021/08/26 00:00:00","12102"
"northern cape","Private Health","2022/03/07 00:00:00","491"
"free state","Public Health","2021/09/21 00:00:00","9399"
"mpumalanga","Public Health","2022/07/01 00:00:00","1257"
"north west","Public Health","2021/07/27 00:00:00","9439"
"mpumalanga","Private Health","2022/05/20 00:00:00","398"
"limpopo","Public Health","2022/02/25 00:00:00","5384"
"free state","Private Health","2022/05/03 00:00:00","745"
"northern cape","Private Health","2022/05/28 00:00:00","37"
"free state","Public Health","2022/10/28 00:00:00","244"
"free state","Public Health","2022/04/14 00:00:00","2158"
"limpopo","Private Health","2022/03/28 00:00:00","1706"
"limpopo","Public Health","2022/03/31 00:00:00","6853"
"gauteng","Private Health","2021/04/07 00:00:00","200"
"northern cape","Private Health","2022/07/03 00:00:00","45"
"western cape","Public Health","2021/10/22 00:00:00","26370"
"kwazulu-natal","Public Health","2022/10/31 00:00:00","698"
"limpopo","Public Health","2022/09/30 00:00:00","549"
"northern cape","Private Health","2021/09/02 00:00:00","1081"
"north west","Public Health","2022/02/19 00:00:00","1778"
"free state","Public Health","2021/11/26 00:00:00","6379"
"northern cape","Private Health","2021/06/11 00:00:00","131"
"eastern cape","Public Health","2022/07/10 00:00:00","9"
"north west","Public Health","2021/05/30 00:00:00","60"
"gauteng","Private Health","2022/10/19 00:00:00","219"
"gauteng","Public Health","2021/05/30 00:00:00","24"
"gauteng","Public Health","2022/05/03 00:00:00","7590"
"north west","Private Health","2021/09/08 00:00:00","4484"
"northern cape","Private Health","2021/08/18 00:00:00","597"
"northern cape","Public Health","2022/01/30 00:00:00","47"
"limpopo","Public Health","2022/09/26 00:00:00","557"
"gauteng","Private Health","2022/06/03 00:00:00","3231"
"kwazulu-natal","Private Health","2021/08/06 00:00:00","7989"
"limpopo","Private Health","2022/09/17 00:00:00","2"
"free state","Public Health","2021/06/16 00:00:00","355"
"eastern cape","Private Health","2022/10/27 00:00:00","18"
"north west","Private Health","2021/03/03 00:00:00","102"
"mpumalanga","Public Health","2021/08/24 00:00:00","12138"
"free state","Public Health","2022/07/07 00:00:00","1031"
"gauteng","Private Health","2021/12/16 00:00:00","1749"
"mpumalanga","Private Health","2021/07/08 00:00:00","1307"
"gauteng","Private Health","2022/10/20 00:00:00","322"
"northern cape","Public Health","2022/06/18 00:00:00","8"
"kwazulu-natal","Public Health","2021/09/23 00:00:00","16030"
"kwazulu-natal","Public Health","2022/03/09 00:00:00","13093"
"north west","Public Health","2022/07/27 00:00:00","591"
"western cape","Public Health","2022/08/20 00:00:00","35"
"western cape","Public Health","2021/09/18 00:00:00","5324"
"northern cape","Public Health","2022/10/07 00:00:00","97"
"mpumalanga","Public Health","2021/12/01 00:00:00","8220"
"western cape","Private Health","2021/10/04 00:00:00","13365"
"kwazulu-natal","Public Health","2022/05/22 00:00:00","1339"
"western cape","Private Health","2021/08/13 00:00:00","11612"
"mpumalanga","Private Health","2021/05/17 00:00:00","1"
"northern cape","Public Health","2022/04/16 00:00:00","58"
"western cape","Public Health","2021/09/12 00:00:00","5"
"limpopo","Private Health","2022/03/13 00:00:00","27"
"gauteng","Public Health","2022/04/29 00:00:00","8452"
"limpopo","Private Health","2022/08/15 00:00:00","135"
"western cape","Private Health","2022/07/24 00:00:00","8"
"free state","Private Health","2022/11/29 00:00:00","43"
"free state","Public Health","2022/02/08 00:00:00","4072"
"limpopo","Public Health","2021/10/27 00:00:00","18086"
"western cape","Public Health","2022/03/19 00:00:00","538"
"eastern cape","Private Health","2021/06/15 00:00:00","1049"
"eastern cape","Public Health","2021/08/20 00:00:00","21674"
"northern cape","Private Health","2022/05/10 00:00:00","142"
"eastern cape","Private Health","2021/09/13 00:00:00","4877"
"gauteng","Private Health","2022/07/06 00:00:00","1287"
"free state","Public Health","2021/07/29 00:00:00","11924"
"western cape","Public Health","2022/03/23 00:00:00","8265"
"northern cape","Public Health","2022/02/05 00:00:00","94"
"limpopo","Public Health","2022/10/17 00:00:00","1277"
"eastern cape","Public Health","2022/10/14 00:00:00","1499"
"eastern cape","Private Health","2022/09/12 00:00:00","20"
"limpopo","Public Health","2021/03/24 00:00:00","781"
"limpopo","Public Health","2021/07/06 00:00:00","15754"
"free state","Public Health","2021/12/11 00:00:00","334"
"free state","Public Health","2022/04/07 00:00:00","3647"
"mpumalanga","Public Health","2021/08/01 00:00:00","36"
"free state","Public Health","2022/10/19 00:00:00","366"
"western cape","Public Health","2021/12/10 00:00:00","12890"
"kwazulu-natal","Public Health","2021/02/19 00:00:00","880"
"limpopo","Public Health","2021/08/23 00:00:00","21006"
"northern cape","Public Health","2022/07/03 00:00:00","1"
"free state","Public Health","2022/06/04 00:00:00","62"
"free state","Private Health","2022/05/12 00:00:00","663"
"limpopo","Private Health","2021/08/05 00:00:00","3612"
"northern cape","Private Health","2022/08/22 00:00:00","15"
"northern cape","Public Health","2022/06/02 00:00:00","928"
"limpopo","Private Health","2021/09/01 00:00:00","4886"
"limpopo","Public Health","2022/02/28 00:00:00","6816"
"northern cape","Public Health","2021/05/27 00:00:00","610"
"northern cape","Private Health","2022/02/15 00:00:00","285"
"northern cape","Public Health","2022/06/25 00:00:00","128"
"northern cape","Public Health","2022/02/17 00:00:00","758"
"gauteng","Public Health","2021/10/11 00:00:00","31881"
"north west","Private Health","2022/07/01 00:00:00","184"
"limpopo","Private Health","2021/08/16 00:00:00","2594"
"gauteng","Private Health","2022/02/01 00:00:00","9783"
"western cape","Private Health","2022/10/29 00:00:00","19"
"eastern cape","Private Health","2022/01/06 00:00:00","1763"
"gauteng","Public Health","2021/08/03 00:00:00","32368"
"limpopo","Public Health","2022/11/03 00:00:00","1178"
"free state","Public Health","2022/09/08 00:00:00","531"
"eastern cape","Public Health","2022/03/10 00:00:00","8864"
"free state","Private Health","2022/06/30 00:00:00","179"
"limpopo","Public Health","2021/05/13 00:00:00","1547"
"mpumalanga","Public Health","2022/09/07 00:00:00","804"
"gauteng","Public Health","2021/10/04 00:00:00","28894"
"gauteng","Public Health","2021/06/22 00:00:00","12802"
"free state","Public Health","2022/03/24 00:00:00","4775"
"north west","Public Health","2022/05/16 00:00:00","2428"
"limpopo","Private Health","2022/11/07 00:00:00","27"
"western cape","Public Health","2021/10/31 00:00:00","170"
"western cape","Public Health","2021/11/06 00:00:00","2609"
"free state","Private Health","2022/08/23 00:00:00","16"
"kwazulu-natal","Private Health","2022/08/29 00:00:00","144"
"northern cape","Public Health","2022/09/03 00:00:00","6"
"gauteng","Public Health","2021/04/02 00:00:00","1"
"north west","Public Health","2022/03/08 00:00:00","5328"
"mpumalanga","Public Health","2022/03/24 00:00:00","5239"
"limpopo","Public Health","2022/11/18 00:00:00","756"
"free state","Private Health","2022/11/11 00:00:00","25"
"northern cape","Private Health","2022/05/06 00:00:00","230"
"kwazulu-natal","Private Health","2022/02/25 00:00:00","3538"
"free state","Public Health","2022/05/09 00:00:00","3468"
"free state","Private Health","2022/08/22 00:00:00","18"
"north west","Private Health","2022/04/19 00:00:00","652"
"north west","Private Health","2021/03/05 00:00:00","180"
"north west","Public Health","2022/08/21 00:00:00","83"
"mpumalanga","Private Health","2022/04/17 00:00:00","2"
"mpumalanga","Private Health","2022/09/03 00:00:00","1"
"northern cape","Private Health","2021/11/26 00:00:00","742"
"free state","Public Health","2022/03/11 00:00:00","6657"
"free state","Private Health","2022/03/27 00:00:00","32"
"northern cape","Public Health","2021/10/03 00:00:00","1931"
"kwazulu-natal","Private Health","2021/11/02 00:00:00","4762"
"eastern cape","Public Health","2022/10/19 00:00:00","2098"
"limpopo","Private Health","2021/07/13 00:00:00","2666"
"north west","Private Health","2021/05/20 00:00:00","5"
"gauteng","Private Health","2022/05/01 00:00:00","253"
"mpumalanga","Private Health","2022/02/15 00:00:00","711"
"eastern cape","Public Health","2021/10/30 00:00:00","2783"
"kwazulu-natal","Public Health","2021/05/11 00:00:00","2825"
"limpopo","Public Health","2022/02/09 00:00:00","5835"
"limpopo","Private Health","2021/06/02 00:00:00","451"
"mpumalanga","Public Health","2021/10/31 00:00:00","1367"
"western cape","Private Health","2022/10/20 00:00:00","10"
"kwazulu-natal","Private Health","2022/07/25 00:00:00","185"
"mpumalanga","Private Health","2022/05/15 00:00:00","2"
"western cape","Private Health","2022/02/05 00:00:00","1185"
"gauteng","Private Health","2022/04/13 00:00:00","5773"
"western cape","Private Health","2022/11/28 00:00:00","18"
"western cape","Private Health","2021/10/26 00:00:00","9993"
"eastern cape","Private Health","2022/11/30 00:00:00","29"
"kwazulu-natal","Public Health","2021/08/15 00:00:00","2701"
"eastern cape","Private Health","2021/08/20 00:00:00","6636"
"north west","Private Health","2021/06/30 00:00:00","486"
"free state","Public Health","2022/04/29 00:00:00","3328"
"free state","Public Health","2022/03/02 00:00:00","7971"
"eastern cape","Public Health","2021/07/13 00:00:00","19470"
"north west","Public Health","2022/10/08 00:00:00","123"
"free state","Private Health","2021/11/17 00:00:00","1983"
"northern cape","Public Health","2022/07/25 00:00:00","851"
"western cape","Private Health","2021/05/29 00:00:00","28"
"limpopo","Private Health","2022/07/30 00:00:00","23"
"north west","Public Health","2022/04/28 00:00:00","3662"
"free state","Private Health","2022/10/17 00:00:00","33"
"western cape","Public Health","2021/12/01 00:00:00","16491"
"northern cape","Public Health","2022/01/03 00:00:00","498"
"northern cape","Public Health","2022/04/19 00:00:00","497"
"mpumalanga","Private Health","2021/03/18 00:00:00","212"
"limpopo","Public Health","2021/05/19 00:00:00","4087"
"limpopo","Private Health","2022/07/31 00:00:00","17"
"western cape","Public Health","2021/10/29 00:00:00","23622"
"eastern cape","Private Health","2021/10/31 00:00:00","57"
"kwazulu-natal","Public Health","2021/12/15 00:00:00","9544"
"free state","Public Health","2022/05/03 00:00:00","3771"
"free state","Private Health","2021/11/06 00:00:00","203"
"eastern cape","Public Health","2022/08/18 00:00:00","2656"
"western cape","Public Health","2022/05/19 00:00:00","2310"
"mpumalanga","Public Health","2022/09/03 00:00:00","35"
"western cape","Private Health","2022/06/13 00:00:00","1069"
"mpumalanga","Public Health","2021/03/13 00:00:00","2"
"western cape","Private Health","2022/08/22 00:00:00","205"
"western cape","Private Health","2022/03/05 00:00:00","1555"
"north west","Public Health","2021/09/03 00:00:00","8518"
"free state","Private Health","2022/02/04 00:00:00","909"
"western cape","Private Health","2021/06/24 00:00:00","3462"
"north west","Public Health","2022/09/27 00:00:00","311"
"northern cape","Public Health","2022/05/23 00:00:00","1240"
"northern cape","Public Health","2021/03/23 00:00:00","98"
"mpumalanga","Public Health","2021/07/27 00:00:00","12421"
"north west","Public Health","2021/10/06 00:00:00","10593"
"eastern cape","Private Health","2021/12/04 00:00:00","1261"
"north west","Public Health","2022/11/17 00:00:00","534"
"northern cape","Public Health","2022/11/23 00:00:00","307"
"eastern cape","Public Health","2021/03/16 00:00:00","589"
"north west","Private Health","2021/07/06 00:00:00","901"
"eastern cape","Public Health","2021/09/20 00:00:00","16429"
"western cape","Public Health","2021/08/21 00:00:00","6912"
"north west","Private Health","2021/12/22 00:00:00","1040"
"kwazulu-natal","Private Health","2022/02/10 00:00:00","2001"
"mpumalanga","Public Health","2022/12/01 00:00:00","450"
"gauteng","Public Health","2022/09/13 00:00:00","1201"
"eastern cape","Public Health","2021/05/12 00:00:00","2825"
"western cape","Private Health","2022/01/31 00:00:00","4877"
"limpopo","Public Health","2021/09/05 00:00:00","357"
"mpumalanga","Public Health","2021/07/30 00:00:00","8442"
"mpumalanga","Private Health","2021/09/18 00:00:00","202"
"gauteng","Public Health","2022/12/10 00:00:00","92"
"limpopo","Public Health","2022/11/25 00:00:00","790"
"eastern cape","Public Health","2022/12/05 00:00:00","1012"
"limpopo","Public Health","2022/07/03 00:00:00","6"
"free state","Private Health","2022/01/13 00:00:00","1014"
"limpopo","Private Health","2021/10/17 00:00:00","28"
"gauteng","Public Health","2021/10/26 00:00:00","32347"
"limpopo","Public Health","2022/10/10 00:00:00","924"
"northern cape","Public Health","2022/10/20 00:00:00","208"
"western cape","Public Health","2022/08/10 00:00:00","1026"
"gauteng","Private Health","2022/05/06 00:00:00","5727"
"gauteng","Private Health","2021/03/25 00:00:00","1070"
"limpopo","Public Health","2022/02/02 00:00:00","6512"
"gauteng","Public Health","2021/04/29 00:00:00","958"
"western cape","Private Health","2022/03/25 00:00:00","4827"
"kwazulu-natal","Private Health","2022/03/15 00:00:00","2208"
"northern cape","Public Health","2022/03/24 00:00:00","1317"
"western cape","Public Health","2022/05/16 00:00:00","2773"
"gauteng","Public Health","2022/11/29 00:00:00","1630"
"free state","Public Health","2021/11/12 00:00:00","8979"
"northern cape","Private Health","2022/01/01 00:00:00","3"
"north west","Public Health","2022/01/26 00:00:00","4703"
"northern cape","Private Health","2021/03/12 00:00:00","29"
"north west","Public Health","2022/07/21 00:00:00","676"
"kwazulu-natal","Public Health","2022/11/21 00:00:00","747"
"north west","Private Health","2021/06/16 00:00:00","12"
"mpumalanga","Private Health","2022/07/19 00:00:00","227"
"free state","Public Health","2021/12/09 00:00:00","6702"
"gauteng","Private Health","2022/10/13 00:00:00","335"
"free state","Public Health","2021/10/23 00:00:00","2906"
"gauteng","Public Health","2022/11/22 00:00:00","1311"
"gauteng","Private Health","2021/05/25 00:00:00","6871"
"mpumalanga","Public Health","2022/03/19 00:00:00","938"
"free state","Private Health","2021/10/17 00:00:00","2"
"gauteng","Public Health","2022/11/26 00:00:00","89"
"free state","Public Health","2022/12/06 00:00:00","216"
"eastern cape","Public Health","2022/08/13 00:00:00","9"
"gauteng","Private Health","2021/06/01 00:00:00","7722"
"mpumalanga","Public Health","2022/01/23 00:00:00","214"
"kwazulu-natal","Public Health","2021/06/02 00:00:00","15080"
"free state","Private Health","2021/12/27 00:00:00","19"
"gauteng","Private Health","2022/04/29 00:00:00","7526"
"mpumalanga","Public Health","2021/02/26 00:00:00","134"
"western cape","Private Health","2022/11/04 00:00:00","31"
"western cape","Public Health","2022/10/23 00:00:00","1"
"gauteng","Private Health","2021/06/24 00:00:00","5814"
"mpumalanga","Private Health","2022/01/13 00:00:00","1193"
"eastern cape","Public Health","2021/09/03 00:00:00","17455"
"limpopo","Public Health","2022/11/22 00:00:00","907"
"gauteng","Public Health","2021/02/26 00:00:00","2149"
"gauteng","Public Health","2021/07/26 00:00:00","36818"
"gauteng","Public Health","2022/05/14 00:00:00","1504"
"northern cape","Public Health","2021/08/06 00:00:00","2997"
"free state","Public Health","2021/07/16 00:00:00","10261"
"eastern cape","Public Health","2022/01/02 00:00:00","8"
"gauteng","Public Health","2022/03/14 00:00:00","14664"
"limpopo","Private Health","2021/07/05 00:00:00","703"
"northern cape","Private Health","2021/10/18 00:00:00","860"
"gauteng","Public Health","2021/03/02 00:00:00","154"
"western cape","Private Health","2022/04/13 00:00:00","2300"
"north west","Private Health","2022/07/28 00:00:00","102"
"limpopo","Private Health","2022/11/03 00:00:00","38"
"limpopo","Public Health","2022/10/24 00:00:00","1321"
"kwazulu-natal","Private Health","2022/05/19 00:00:00","835"
"limpopo","Private Health","2022/11/22 00:00:00","48"
"gauteng","Private Health","2021/05/30 00:00:00","15"
"eastern cape","Private Health","2022/07/22 00:00:00","145"
"eastern cape","Private Health","2021/03/17 00:00:00","244"
"north west","Public Health","2022/08/31 00:00:00","239"
"limpopo","Public Health","2022/02/10 00:00:00","5039"
"north west","Public Health","2021/09/12 00:00:00","1209"
"eastern cape","Private Health","2022/11/02 00:00:00","19"
"limpopo","Public Health","2021/03/20 00:00:00","1"
"eastern cape","Private Health","2021/12/09 00:00:00","2496"
"northern cape","Public Health","2021/09/23 00:00:00","2742"
"northern cape","Private Health","2022/03/24 00:00:00","367"
"gauteng","Private Health","2021/06/18 00:00:00","6156"
"gauteng","Public Health","2022/07/10 00:00:00","38"
"mpumalanga","Public Health","2021/04/17 00:00:00","1"
"eastern cape","Public Health","2022/04/03 00:00:00","175"
"north west","Public Health","2022/06/08 00:00:00","2169"
"mpumalanga","Public Health","2022/03/01 00:00:00","4435"
"limpopo","Public Health","2022/02/19 00:00:00","362"
"gauteng","Public Health","2021/05/22 00:00:00","274"
"gauteng","Private Health","2021/11/07 00:00:00","913"
"northern cape","Private Health","2022/10/26 00:00:00","11"
"north west","Public Health","2022/02/25 00:00:00","4299"
"western cape","Private Health","2022/12/06 00:00:00","16"
"western cape","Private Health","2022/03/07 00:00:00","5551"
"kwazulu-natal","Private Health","2022/01/28 00:00:00","3036"
"western cape","Private Health","2021/07/05 00:00:00","7931"
"gauteng","Private Health","2022/04/27 00:00:00","1784"
"free state","Public Health","2021/03/23 00:00:00","455"
"eastern cape","Public Health","2021/10/28 00:00:00","16344"
"north west","Public Health","2021/07/09 00:00:00","6376"
"kwazulu-natal","Public Health","2022/10/09 00:00:00","46"
"kwazulu-natal","Private Health","2021/07/19 00:00:00","4247"
"limpopo","Public Health","2021/04/28 00:00:00","2"
"mpumalanga","Private Health","2022/07/20 00:00:00","199"
"limpopo","Public Health","2022/09/06 00:00:00","1066"
"eastern cape","Private Health","2021/06/09 00:00:00","1296"
"northern cape","Public Health","2021/05/22 00:00:00","133"
"mpumalanga","Private Health","2021/07/21 00:00:00","1985"
"gauteng","Public Health","2022/11/05 00:00:00","116"
"western cape","Private Health","2021/10/25 00:00:00","8807"
"northern cape","Private Health","2022/07/27 00:00:00","32"
"western cape","Public Health","2022/10/07 00:00:00","395"
"limpopo","Public Health","2022/06/09 00:00:00","4839"
"gauteng","Private Health","2022/03/16 00:00:00","10343"
"western cape","Public Health","2022/04/16 00:00:00","69"
"kwazulu-natal","Public Health","2022/08/07 00:00:00","166"
"north west","Public Health","2021/07/22 00:00:00","9365"
"free state","Public Health","2022/03/21 00:00:00","1"
"limpopo","Private Health","2021/07/02 00:00:00","391"
"gauteng","Private Health","2022/03/25 00:00:00","13234"
"northern cape","Private Health","2022/05/25 00:00:00","106"
"eastern cape","Private Health","2022/08/18 00:00:00","74"
"gauteng","Private Health","2022/06/29 00:00:00","1916"
"limpopo","Public Health","2021/05/01 00:00:00","1"
"western cape","Public Health","2021/11/23 00:00:00","12599"
"gauteng","Private Health","2022/09/28 00:00:00","382"
"eastern cape","Private Health","2022/07/12 00:00:00","164"
"kwazulu-natal","Private Health","2021/12/05 00:00:00","935"
"kwazulu-natal","Public Health","2021/06/11 00:00:00","13312"
"free state","Public Health","2022/11/16 00:00:00","338"
"gauteng","Public Health","2022/06/03 00:00:00","5610"
"western cape","Private Health","2021/11/25 00:00:00","6387"
"northern cape","Private Health","2022/06/25 00:00:00","22"
"eastern cape","Public Health","2021/08/18 00:00:00","24054"
"gauteng","Public Health","2021/09/11 00:00:00","8703"
"northern cape","Private Health","2022/08/20 00:00:00","6"
"free state","Private Health","2022/08/19 00:00:00","32"
"limpopo","Private Health","2022/04/11 00:00:00","1172"
"western cape","Public Health","2022/03/27 00:00:00","14"
"free state","Private Health","2022/11/22 00:00:00","30"
"mpumalanga","Private Health","2022/02/13 00:00:00","1"
"western cape","Private Health","2021/06/27 00:00:00","30"
"mpumalanga","Private Health","2022/11/16 00:00:00","3"
"limpopo","Private Health","2022/07/08 00:00:00","184"
"northern cape","Public Health","2022/02/19 00:00:00","57"
"eastern cape","Private Health","2021/03/10 00:00:00","440"
"gauteng","Private Health","2022/03/22 00:00:00","10542"
"mpumalanga","Public Health","2022/06/30 00:00:00","2133"
"north west","Private Health","2021/10/06 00:00:00","4464"
"north west","Private Health","2021/11/30 00:00:00","2727"
"limpopo","Public Health","2022/08/14 00:00:00","10"
"gauteng","Public Health","2021/09/08 00:00:00","29730"
"north west","Public Health","2021/11/02 00:00:00","7219"
"kwazulu-natal","Private Health","2021/07/07 00:00:00","6767"
"free state","Private Health","2021/11/07 00:00:00","21"
"free state","Private Health","2022/10/27 00:00:00","25"
"western cape","Public Health","2021/09/05 00:00:00","80"
"kwazulu-natal","Private Health","2021/07/08 00:00:00","7184"
"eastern cape","Public Health","2022/01/29 00:00:00","319"
"western cape","Private Health","2022/08/08 00:00:00","300"
"north west","Public Health","2022/04/11 00:00:00","2934"
"western cape","Public Health","2022/04/09 00:00:00","1817"
"limpopo","Public Health","2022/01/27 00:00:00","6358"
"limpopo","Public Health","2022/12/02 00:00:00","567"
"gauteng","Private Health","2022/12/12 00:00:00","235"
"western cape","Public Health","2022/06/14 00:00:00","1298"
"western cape","Public Health","2021/04/08 00:00:00","499"
"free state","Private Health","2022/03/19 00:00:00","172"
"northern cape","Private Health","2022/03/15 00:00:00","308"
"northern cape","Public Health","2022/04/10 00:00:00","197"
"eastern cape","Public Health","2022/05/29 00:00:00","433"
"eastern cape","Private Health","2022/04/24 00:00:00","8"
"eastern cape","Public Health","2022/07/12 00:00:00","2245"
"eastern cape","Private Health","2021/10/28 00:00:00","3051"
"eastern cape","Public Health","2022/12/10 00:00:00","1"
"limpopo","Public Health","2022/01/03 00:00:00","5476"
"free state","Private Health","2021/10/30 00:00:00","447"
"gauteng","Private Health","2022/08/02 00:00:00","698"
"free state","Private Health","2022/04/08 00:00:00","906"
"limpopo","Public Health","2022/10/18 00:00:00","1265"
"gauteng","Private Health","2021/11/01 00:00:00","5305"
"northern cape","Public Health","2021/08/26 00:00:00","4478"
"mpumalanga","Private Health","2022/06/05 00:00:00","3"
"eastern cape","Private Health","2022/03/27 00:00:00","7"
"gauteng","Public Health","2021/08/04 00:00:00","29396"
"northern cape","Public Health","2022/01/19 00:00:00","812"
"free state","Private Health","2022/01/02 00:00:00","2"
"north west","Private Health","2022/01/05 00:00:00","927"
"limpopo","Public Health","2022/06/12 00:00:00","32"
"limpopo","Private Health","2021/02/24 00:00:00","1"
"kwazulu-natal","Private Health","2022/06/02 00:00:00","531"
"limpopo","Public Health","2021/04/16 00:00:00","1"
"north west","Public Health","2022/12/03 00:00:00","59"
"gauteng","Public Health","2022/11/19 00:00:00","135"
"kwazulu-natal","Public Health","2021/04/26 00:00:00","1"
"gauteng","Public Health","2022/05/30 00:00:00","5918"
"mpumalanga","Private Health","2021/08/08 00:00:00","70"
"gauteng","Public Health","2021/09/12 00:00:00","2545"
"gauteng","Private Health","2021/05/07 00:00:00","2407"
"north west","Private Health","2022/02/20 00:00:00","26"
"free state","Public Health","2022/06/05 00:00:00","1"
"limpopo","Public Health","2021/11/14 00:00:00","2159"
"free state","Public Health","2021/11/23 00:00:00","6715"
"gauteng","Private Health","2021/11/26 00:00:00","19900"
"limpopo","Private Health","2022/02/27 00:00:00","60"
"free state","Private Health","2021/10/21 00:00:00","2480"
"kwazulu-natal","Private Health","2022/06/24 00:00:00","529"
"eastern cape","Public Health","2022/09/11 00:00:00","2"
"gauteng","Private Health","2022/07/13 00:00:00","1206"
"gauteng","Private Health","2022/03/31 00:00:00","10619"
"gauteng","Public Health","2022/03/02 00:00:00","19372"
"north west","Public Health","2021/10/01 00:00:00","9855"
"limpopo","Private Health","2021/10/03 00:00:00","148"
"north west","Public Health","2022/04/13 00:00:00","3492"
"western cape","Private Health","2021/05/27 00:00:00","588"
"western cape","Public Health","2021/05/28 00:00:00","8124"
"gauteng","Private Health","2021/12/31 00:00:00","4332"
"western cape","Private Health","2022/03/15 00:00:00","4210"
"gauteng","Public Health","2022/05/17 00:00:00","7997"
"mpumalanga","Public Health","2021/08/17 00:00:00","6834"
"north west","Private Health","2021/09/04 00:00:00","996"
"north west","Public Health","2022/01/03 00:00:00","2339"
"gauteng","Public Health","2021/12/07 00:00:00","27931"
"western cape","Private Health","2022/07/30 00:00:00","132"
"eastern cape","Public Health","2022/05/20 00:00:00","5187"
"western cape","Private Health","2021/07/28 00:00:00","11237"
"kwazulu-natal","Private Health","2022/06/30 00:00:00","366"
"eastern cape","Private Health","2022/08/24 00:00:00","93"
"kwazulu-natal","Private Health","2021/07/17 00:00:00","353"
"northern cape","Private Health","2021/07/20 00:00:00","1206"
"western cape","Private Health","2022/06/10 00:00:00","1205"
"free state","Public Health","2022/06/03 00:00:00","2388"
"north west","Private Health","2021/09/24 00:00:00","413"
"limpopo","Public Health","2022/05/03 00:00:00","6638"
"gauteng","Public Health","2022/02/06 00:00:00","1015"
"free state","Public Health","2022/08/02 00:00:00","810"
"limpopo","Public Health","2022/11/28 00:00:00","755"
"kwazulu-natal","Private Health","2021/06/20 00:00:00","2"
"kwazulu-natal","Private Health","2021/08/22 00:00:00","2131"
"kwazulu-natal","Public Health","2022/02/21 00:00:00","11238"
"free state","Public Health","2021/11/17 00:00:00","7924"
"gauteng","Private Health","2022/06/28 00:00:00","2275"
"northern cape","Public Health","2022/08/31 00:00:00","185"
"free state","Public Health","2021/12/14 00:00:00","5398"
"kwazulu-natal","Public Health","2022/02/19 00:00:00","1885"
"eastern cape","Public Health","2021/11/26 00:00:00","9997"
"free state","Public Health","2022/02/10 00:00:00","3520"
"mpumalanga","Private Health","2022/09/13 00:00:00","23"
"free state","Public Health","2021/11/27 00:00:00","834"
"kwazulu-natal","Private Health","2022/12/07 00:00:00","6"
"western cape","Public Health","2021/10/18 00:00:00","17770"
"mpumalanga","Private Health","2021/10/15 00:00:00","3032"
"mpumalanga","Private Health","2021/11/16 00:00:00","1710"
"free state","Public Health","2022/04/17 00:00:00","13"
"north west","Public Health","2021/12/06 00:00:00","7432"
"western cape","Private Health","2022/05/09 00:00:00","2019"
"limpopo","Private Health","2022/05/09 00:00:00","880"
"kwazulu-natal","Private Health","2021/11/07 00:00:00","473"
"north west","Public Health","2022/12/05 00:00:00","272"
"free state","Private Health","2022/02/07 00:00:00","780"
"north west","Private Health","2022/01/12 00:00:00","1298"
"north west","Private Health","2022/02/11 00:00:00","902"
"northern cape","Public Health","2022/05/15 00:00:00","1"
"north west","Public Health","2021/06/26 00:00:00","454"
"mpumalanga","Private Health","2021/07/12 00:00:00","1693"
"gauteng","Public Health","2022/09/05 00:00:00","1146"
"north west","Public Health","2022/01/23 00:00:00","1011"
"kwazulu-natal","Public Health","2022/08/03 00:00:00","2724"
"eastern cape","Private Health","2021/10/11 00:00:00","3645"
"eastern cape","Public Health","2022/03/12 00:00:00","626"
"free state","Public Health","2022/02/05 00:00:00","696"
"limpopo","Public Health","2022/02/22 00:00:00","6213"
"northern cape","Private Health","2022/09/03 00:00:00","6"
"free state","Private Health","2021/08/31 00:00:00","3308"
"northern cape","Private Health","2022/05/26 00:00:00","155"
"limpopo","Public Health","2021/11/30 00:00:00","14951"
"limpopo","Private Health","2021/11/05 00:00:00","3142"
"northern cape","Public Health","2021/09/28 00:00:00","3382"
"northern cape","Public Health","2022/06/10 00:00:00","1181"
"western cape","Private Health","2021/05/03 00:00:00","396"
"kwazulu-natal","Public Health","2022/06/23 00:00:00","4721"
"kwazulu-natal","Public Health","2022/01/05 00:00:00","8987"
"free state","Public Health","2022/08/05 00:00:00","510"
"western cape","Public Health","2022/08/07 00:00:00","10"
"eastern cape","Public Health","2022/04/15 00:00:00","400"
"mpumalanga","Private Health","2021/05/04 00:00:00","64"
"gauteng","Private Health","2022/07/16 00:00:00","433"
"kwazulu-natal","Private Health","2022/08/02 00:00:00","177"
"mpumalanga","Public Health","2021/06/09 00:00:00","5899"
"mpumalanga","Public Health","2021/10/15 00:00:00","10552"
"free state","Private Health","2022/05/22 00:00:00","27"
"limpopo","Public Health","2022/04/16 00:00:00","51"
"limpopo","Public Health","2022/07/13 00:00:00","1277"
"free state","Private Health","2022/07/18 00:00:00","88"
"northern cape","Public Health","2022/08/18 00:00:00","209"
"western cape","Public Health","2021/02/25 00:00:00","1689"
"limpopo","Private Health","2022/04/13 00:00:00","1244"
"north west","Private Health","2022/06/21 00:00:00","304"
"mpumalanga","Public Health","2021/09/24 00:00:00","1980"
"kwazulu-natal","Private Health","2022/01/12 00:00:00","4084"
"eastern cape","Private Health","2021/05/10 00:00:00","90"
"gauteng","Public Health","2022/09/22 00:00:00","1091"
"western cape","Public Health","2022/08/02 00:00:00","712"
"eastern cape","Public Health","2022/07/15 00:00:00","1628"
"western cape","Public Health","2022/07/30 00:00:00","33"
"mpumalanga","Private Health","2021/09/25 00:00:00","218"
"gauteng","Private Health","2021/12/23 00:00:00","7526"
"eastern cape","Public Health","2021/06/15 00:00:00","11090"
"gauteng","Private Health","2021/10/13 00:00:00","25770"
"mpumalanga","Public Health","2022/11/07 00:00:00","633"
"north west","Private Health","2022/09/12 00:00:00","27"
"eastern cape","Private Health","2021/11/20 00:00:00","718"
"northern cape","Public Health","2021/06/30 00:00:00","2267"
"limpopo","Public Health","2022/04/05 00:00:00","4773"
"limpopo","Private Health","2021/10/18 00:00:00","3579"
"mpumalanga","Public Health","2022/04/08 00:00:00","4718"
"northern cape","Public Health","2021/10/11 00:00:00","2124"
"western cape","Public Health","2021/06/27 00:00:00","5"
"mpumalanga","Private Health","2022/08/28 00:00:00","2"
"kwazulu-natal","Private Health","2021/11/21 00:00:00","434"
"western cape","Public Health","2021/08/25 00:00:00","37879"
"northern cape","Public Health","2021/10/28 00:00:00","4063"
"free state","Private Health","2022/10/13 00:00:00","50"
"mpumalanga","Private Health","2021/11/22 00:00:00","1606"
"mpumalanga","Public Health","2021/09/23 00:00:00","9515"
"north west","Public Health","2022/03/02 00:00:00","5737"
"northern cape","Private Health","2021/05/06 00:00:00","48"
"gauteng","Public Health","2022/11/18 00:00:00","1413"
"free state","Public Health","2021/09/15 00:00:00","12580"
"northern cape","Public Health","2022/01/17 00:00:00","1061"
"north west","Public Health","2022/07/12 00:00:00","639"
"kwazulu-natal","Public Health","2021/11/10 00:00:00","14519"
"limpopo","Public Health","2022/08/16 00:00:00","1430"
"limpopo","Public Health","2022/05/14 00:00:00","353"
"northern cape","Private Health","2021/12/15 00:00:00","542"
"eastern cape","Public Health","2022/10/07 00:00:00","962"
"western cape","Public Health","2021/06/12 00:00:00","322"
"western cape","Public Health","2022/04/08 00:00:00","4590"
"eastern cape","Public Health","2021/06/12 00:00:00","21"
"limpopo","Private Health","2021/07/06 00:00:00","967"
"northern cape","Public Health","2022/05/21 00:00:00","92"
"mpumalanga","Public Health","2022/03/03 00:00:00","6047"
"mpumalanga","Private Health","2021/11/14 00:00:00","121"
"north west","Private Health","2021/07/29 00:00:00","2708"
"north west","Private Health","2022/03/22 00:00:00","1178"
"northern cape","Private Health","2022/05/07 00:00:00","46"
"free state","Public Health","2022/05/23 00:00:00","2832"
"eastern cape","Public Health","2021/03/29 00:00:00","1219"
"limpopo","Public Health","2021/08/11 00:00:00","19097"
"limpopo","Private Health","2022/03/20 00:00:00","58"
"north west","Public Health","2021/08/09 00:00:00","2164"
"mpumalanga","Private Health","2022/10/25 00:00:00","3"
"northern cape","Private Health","2021/05/21 00:00:00","32"
"limpopo","Private Health","2021/11/11 00:00:00","2537"
"western cape","Public Health","2022/06/25 00:00:00","69"
"gauteng","Private Health","2022/10/31 00:00:00","253"
"northern cape","Public Health","2021/02/27 00:00:00","98"
"free state","Public Health","2022/07/18 00:00:00","921"
"north west","Private Health","2022/03/29 00:00:00","1120"
"eastern cape","Public Health","2022/10/18 00:00:00","1932"
"eastern cape","Public Health","2022/06/24 00:00:00","2243"
"limpopo","Private Health","2022/04/28 00:00:00","960"
"northern cape","Public Health","2022/02/25 00:00:00","1140"
"eastern cape","Public Health","2021/11/01 00:00:00","6069"
"mpumalanga","Public Health","2022/07/21 00:00:00","1801"
"western cape","Private Health","2021/06/20 00:00:00","53"
"gauteng","Private Health","2021/11/21 00:00:00","957"
"kwazulu-natal","Public Health","2022/10/02 00:00:00","36"
"gauteng","Private Health","2021/11/23 00:00:00","16205"
"western cape","Public Health","2021/06/15 00:00:00","11884"
"gauteng","Private Health","2022/03/14 00:00:00","10238"
"mpumalanga","Public Health","2021/03/25 00:00:00","753"
"mpumalanga","Public Health","2022/08/15 00:00:00","972"
"western cape","Public Health","2022/04/13 00:00:00","3513"
"western cape","Private Health","2021/10/16 00:00:00","3569"
"mpumalanga","Public Health","2021/10/20 00:00:00","10893"
"mpumalanga","Public Health","2021/09/28 00:00:00","8322"
"free state","Public Health","2022/08/08 00:00:00","423"
"mpumalanga","Public Health","2021/12/23 00:00:00","2095"
"limpopo","Public Health","2021/03/31 00:00:00","827"
"limpopo","Private Health","2022/02/05 00:00:00","560"
"north west","Public Health","2022/09/20 00:00:00","183"
"eastern cape","Public Health","2022/03/16 00:00:00","9130"
"free state","Public Health","2021/08/03 00:00:00","9249"
"western cape","Public Health","2022/06/30 00:00:00","1157"
"north west","Public Health","2021/12/28 00:00:00","2311"
"free state","Private Health","2022/11/07 00:00:00","13"
"north west","Private Health","2021/11/19 00:00:00","2494"
"limpopo","Public Health","2022/04/03 00:00:00","42"
"free state","Public Health","2022/09/27 00:00:00","358"
"gauteng","Private Health","2022/05/25 00:00:00","3633"
"limpopo","Public Health","2022/05/31 00:00:00","5440"
"kwazulu-natal","Public Health","2022/06/21 00:00:00","5882"
"free state","Public Health","2022/11/28 00:00:00","180"
"western cape","Public Health","2022/06/12 00:00:00","2"
"mpumalanga","Private Health","2022/03/26 00:00:00","234"
"north west","Public Health","2021/05/14 00:00:00","41"
"north west","Public Health","2021/11/29 00:00:00","8286"
"free state","Public Health","2022/08/06 00:00:00","20"
"eastern cape","Public Health","2022/10/13 00:00:00","1761"
"gauteng","Private Health","2022/01/31 00:00:00","10271"
"western cape","Private Health","2021/04/29 00:00:00","561"
"kwazulu-natal","Private Health","2022/02/21 00:00:00","2276"
"gauteng","Public Health","2022/03/11 00:00:00","15453"
"northern cape","Public Health","2021/08/27 00:00:00","4076"
"eastern cape","Private Health","2021/11/02 00:00:00","3638"
"gauteng","Private Health","2022/10/23 00:00:00","5"
"gauteng","Private Health","2022/03/02 00:00:00","12206"
"western cape","Private Health","2022/01/29 00:00:00","1317"
"gauteng","Public Health","2022/11/08 00:00:00","818"
"north west","Public Health","2021/06/27 00:00:00","106"
"northern cape","Private Health","2022/08/31 00:00:00","11"
"gauteng","Public Health","2022/02/02 00:00:00","14035"
"mpumalanga","Private Health","2022/03/27 00:00:00","7"
"eastern cape","Public Health","2022/07/13 00:00:00","2476"
"gauteng","Public Health","2022/05/12 00:00:00","9042"
"western cape","Private Health","2021/10/15 00:00:00","13999"
"mpumalanga","Public Health","2022/09/21 00:00:00","592"
"gauteng","Private Health","2022/10/22 00:00:00","37"
"kwazulu-natal","Public Health","2021/04/28 00:00:00","1049"
"northern cape","Public Health","2021/12/30 00:00:00","354"
"western cape","Private Health","2022/06/24 00:00:00","864"
"gauteng","Public Health","2022/07/12 00:00:00","1964"
"kwazulu-natal","Private Health","2021/06/06 00:00:00","3"
"gauteng","Private Health","2022/08/25 00:00:00","545"
"northern cape","Private Health","2022/01/19 00:00:00","460"
"eastern cape","Public Health","2021/11/29 00:00:00","18039"
"north west","Private Health","2022/11/02 00:00:00","37"
"kwazulu-natal","Public Health","2022/08/06 00:00:00","194"
"gauteng","Private Health","2021/03/05 00:00:00","576"
"north west","Private Health","2022/07/04 00:00:00","111"
"limpopo","Private Health","2022/02/21 00:00:00","1033"
"kwazulu-natal","Public Health","2022/05/17 00:00:00","14156"
"north west","Public Health","2022/03/10 00:00:00","5361"
"northern cape","Public Health","2021/09/16 00:00:00","3681"
"gauteng","Public Health","2022/07/31 00:00:00","54"
"limpopo","Private Health","2021/06/29 00:00:00","300"
"free state","Private Health","2022/04/25 00:00:00","683"
"north west","Private Health","2022/10/25 00:00:00","37"
"kwazulu-natal","Public Health","2022/02/17 00:00:00","11305"
"kwazulu-natal","Private Health","2022/07/13 00:00:00","323"
"mpumalanga","Public Health","2021/06/06 00:00:00","196"
"limpopo","Public Health","2022/05/02 00:00:00","278"
"western cape","Public Health","2021/07/17 00:00:00","794"
"kwazulu-natal","Public Health","2022/11/20 00:00:00","25"
"north west","Public Health","2021/12/01 00:00:00","9581"
"western cape","Public Health","2022/03/18 00:00:00","8041"
"northern cape","Public Health","2022/08/26 00:00:00","63"
"mpumalanga","Private Health","2021/09/27 00:00:00","2648"
"eastern cape","Public Health","2022/06/27 00:00:00","2556"
"free state","Private Health","2022/05/31 00:00:00","333"
"free state","Public Health","2022/03/16 00:00:00","5808"
"mpumalanga","Private Health","2022/07/27 00:00:00","233"
"gauteng","Private Health","2022/10/28 00:00:00","321"
"mpumalanga","Public Health","2022/07/09 00:00:00","41"
"western cape","Private Health","2022/11/11 00:00:00","48"
"free state","Public Health","2021/05/31 00:00:00","3539"
"north west","Private Health","2021/05/17 00:00:00","2"
"northern cape","Public Health","2022/03/22 00:00:00","765"
"gauteng","Private Health","2022/06/12 00:00:00","128"
"western cape","Private Health","2022/11/05 00:00:00","16"
"mpumalanga","Private Health","2022/07/15 00:00:00","273"
"kwazulu-natal","Public Health","2021/03/15 00:00:00","36"
"eastern cape","Public Health","2022/03/21 00:00:00","1522"
"mpumalanga","Public Health","2021/10/16 00:00:00","2554"
"gauteng","Private Health","2021/10/20 00:00:00","22030"
"limpopo","Private Health","2022/03/09 00:00:00","1734"
"eastern cape","Public Health","2022/02/12 00:00:00","515"
"northern cape","Private Health","2022/11/22 00:00:00","11"
"kwazulu-natal","Public Health","2022/08/22 00:00:00","1571"
"limpopo","Public Health","2021/05/04 00:00:00","1302"
"gauteng","Public Health","2022/11/07 00:00:00","910"
"eastern cape","Public Health","2022/03/18 00:00:00","6488"
"north west","Public Health","2022/06/23 00:00:00","820"
"kwazulu-natal","Private Health","2021/12/28 00:00:00","2327"
"gauteng","Public Health","2022/08/16 00:00:00","1255"
"north west","Private Health","2022/02/08 00:00:00","825"
"limpopo","Private Health","2022/11/30 00:00:00","21"
"gauteng","Private Health","2021/09/13 00:00:00","31989"
"eastern cape","Private Health","2022/07/19 00:00:00","118"
"north west","Private Health","2022/06/15 00:00:00","288"
"western cape","Private Health","2021/11/26 00:00:00","7690"
"northern cape","Public Health","2022/02/20 00:00:00","47"
"limpopo","Private Health","2021/12/28 00:00:00","1381"
"free state","Public Health","2021/03/30 00:00:00","242"
"north west","Public Health","2021/06/05 00:00:00","476"
"western cape","Private Health","2021/08/26 00:00:00","17062"
"northern cape","Private Health","2022/04/09 00:00:00","255"
"kwazulu-natal","Private Health","2021/03/31 00:00:00","1196"
"western cape","Private Health","2021/10/09 00:00:00","3772"
"mpumalanga","Public Health","2022/08/22 00:00:00","1103"
"limpopo","Public Health","2022/10/05 00:00:00","1066"
"free state","Private Health","2022/06/09 00:00:00","328"
"eastern cape","Private Health","2022/03/06 00:00:00","47"
"free state","Public Health","2021/06/18 00:00:00","3697"
"free state","Private Health","2022/11/17 00:00:00","16"
"limpopo","Public Health","2022/08/22 00:00:00","1112"
"gauteng","Private Health","2021/08/13 00:00:00","22405"
"western cape","Private Health","2021/07/21 00:00:00","11516"
"eastern cape","Public Health","2021/09/28 00:00:00","16958"
"north west","Public Health","2021/12/16 00:00:00","1938"
"western cape","Private Health","2021/03/12 00:00:00","776"
"eastern cape","Public Health","2021/11/24 00:00:00","13946"
"gauteng","Private Health","2022/04/16 00:00:00","1559"
"mpumalanga","Public Health","2021/02/22 00:00:00","1011"
"north west","Public Health","2022/11/19 00:00:00","100"
"kwazulu-natal","Private Health","2021/06/17 00:00:00","1561"
"eastern cape","Public Health","2021/05/30 00:00:00","12"
"eastern cape","Public Health","2021/03/12 00:00:00","434"
"north west","Public Health","2022/10/28 00:00:00","316"
"limpopo","Public Health","2021/07/16 00:00:00","13080"
"free state","Private Health","2021/12/23 00:00:00","672"
"kwazulu-natal","Public Health","2022/10/20 00:00:00","924"
"kwazulu-natal","Public Health","2022/08/15 00:00:00","2084"
"kwazulu-natal","Private Health","2022/07/05 00:00:00","435"
"limpopo","Private Health","2021/11/21 00:00:00","21"
"limpopo","Private Health","2021/06/05 00:00:00","12"
"north west","Public Health","2022/06/07 00:00:00","1918"
"eastern cape","Public Health","2021/07/07 00:00:00","23705"
"north west","Public Health","2022/06/22 00:00:00","1036"
"gauteng","Public Health","2022/03/29 00:00:00","13805"
"gauteng","Private Health","2022/11/29 00:00:00","206"
"limpopo","Public Health","2022/03/03 00:00:00","8116"
"kwazulu-natal","Public Health","2021/11/09 00:00:00","13313"
"kwazulu-natal","Public Health","2022/12/09 00:00:00","412"
"mpumalanga","Public Health","2022/08/19 00:00:00","835"
"northern cape","Private Health","2021/09/22 00:00:00","981"
"mpumalanga","Private Health","2021/08/19 00:00:00","2923"
"mpumalanga","Public Health","2021/03/29 00:00:00","118"
"eastern cape","Public Health","2022/02/09 00:00:00","6302"
"kwazulu-natal","Private Health","2022/03/23 00:00:00","2586"
"kwazulu-natal","Private Health","2021/07/16 00:00:00","697"
"eastern cape","Private Health","2022/06/16 00:00:00","75"
"eastern cape","Public Health","2022/03/08 00:00:00","8361"
"northern cape","Public Health","2022/02/15 00:00:00","602"
"western cape","Private Health","2022/04/26 00:00:00","2730"
"free state","Public Health","2022/07/05 00:00:00","976"
"limpopo","Public Health","2022/06/17 00:00:00","3470"
"kwazulu-natal","Public Health","2021/12/11 00:00:00","3962"
"gauteng","Private Health","2022/06/08 00:00:00","2324"
"gauteng","Private Health","2022/09/08 00:00:00","426"
"limpopo","Public Health","2022/11/20 00:00:00","5"
"mpumalanga","Private Health","2022/09/30 00:00:00","16"
"western cape","Public Health","2022/01/08 00:00:00","679"
"gauteng","Public Health","2021/07/11 00:00:00","1041"
"north west","Private Health","2021/12/11 00:00:00","390"
"mpumalanga","Private Health","2021/07/17 00:00:00","74"
"eastern cape","Private Health","2021/10/15 00:00:00","4039"
"north west","Public Health","2022/04/08 00:00:00","3765"
"northern cape","Public Health","2022/06/23 00:00:00","819"
"eastern cape","Public Health","2021/06/28 00:00:00","19789"
"northern cape","Public Health","2022/05/22 00:00:00","8"
"gauteng","Private Health","2022/03/18 00:00:00","13325"
"western cape","Public Health","2022/06/01 00:00:00","2524"
"limpopo","Public Health","2022/08/21 00:00:00","13"
"gauteng","Public Health","2021/11/17 00:00:00","23976"
"northern cape","Public Health","2021/12/11 00:00:00","234"
"kwazulu-natal","Public Health","2022/10/23 00:00:00","47"
"mpumalanga","Private Health","2021/12/06 00:00:00","1620"
"north west","Private Health","2021/03/04 00:00:00","210"
"eastern cape","Public Health","2021/08/24 00:00:00","32646"
"eastern cape","Public Health","2021/03/25 00:00:00","1242"
"mpumalanga","Public Health","2021/11/18 00:00:00","5874"
"north west","Private Health","2022/09/29 00:00:00","32"
"north west","Public Health","2021/06/19 00:00:00","344"
"eastern cape","Public Health","2022/09/09 00:00:00","2058"
"north west","Private Health","2022/08/30 00:00:00","57"
"north west","Public Health","2021/11/11 00:00:00","6539"
"western cape","Private Health","2021/09/07 00:00:00","14142"
"limpopo","Public Health","2022/09/24 00:00:00","8"
"limpopo","Public Health","2022/09/11 00:00:00","17"
"kwazulu-natal","Public Health","2022/05/07 00:00:00","1129"
"free state","Public Health","2022/07/28 00:00:00","1130"
"northern cape","Public Health","2022/03/12 00:00:00","109"
"eastern cape","Public Health","2021/08/13 00:00:00","12283"
"mpumalanga","Private Health","2022/05/23 00:00:00","326"
"free state","Private Health","2022/05/08 00:00:00","1"
"mpumalanga","Private Health","2022/01/24 00:00:00","1201"
"northern cape","Public Health","2021/07/13 00:00:00","3499"
"limpopo","Public Health","2022/01/21 00:00:00","5120"
"northern cape","Private Health","2021/11/09 00:00:00","911"
"northern cape","Private Health","2022/11/21 00:00:00","1"
"western cape","Public Health","2022/05/28 00:00:00","161"
"gauteng","Private Health","2021/03/24 00:00:00","2314"
"gauteng","Private Health","2022/07/12 00:00:00","1273"
"north west","Private Health","2022/12/08 00:00:00","55"
"kwazulu-natal","Private Health","2021/08/26 00:00:00","8735"
"eastern cape","Private Health","2022/03/09 00:00:00","1898"
"northern cape","Private Health","2022/08/13 00:00:00","3"
"mpumalanga","Public Health","2022/02/19 00:00:00","989"
"eastern cape","Private Health","2022/01/03 00:00:00","1339"
"mpumalanga","Public Health","2022/01/16 00:00:00","52"
"gauteng","Private Health","2022/09/17 00:00:00","134"
"northern cape","Private Health","2021/08/21 00:00:00","85"
"kwazulu-natal","Public Health","2022/03/02 00:00:00","14846"
"mpumalanga","","2022/10/13 00:00:00","2"
"free state","Public Health","2022/11/25 00:00:00","214"
"kwazulu-natal","Private Health","2022/05/23 00:00:00","711"
"northern cape","Public Health","2022/09/15 00:00:00","333"
"north west","Public Health","2022/05/20 00:00:00","2070"
"northern cape","Private Health","2021/10/26 00:00:00","1234"
"north west","Private Health","2022/04/09 00:00:00","195"
"free state","Private Health","2022/05/18 00:00:00","595"
"gauteng","Public Health","2022/07/08 00:00:00","1646"
"limpopo","Public Health","2022/02/18 00:00:00","4364"
"kwazulu-natal","Public Health","2021/12/02 00:00:00","15472"
"western cape","Private Health","2022/05/08 00:00:00","48"
"kwazulu-natal","Public Health","2021/09/12 00:00:00","4608"
"kwazulu-natal","Public Health","2022/08/10 00:00:00","2374"
"mpumalanga","Private Health","2021/08/05 00:00:00","2054"
"gauteng","Private Health","2022/11/23 00:00:00","336"
"limpopo","Private Health","2021/05/20 00:00:00","52"
"northern cape","Private Health","2021/07/22 00:00:00","680"
"northern cape","Public Health","2021/11/08 00:00:00","1571"
"kwazulu-natal","Private Health","2022/08/15 00:00:00","187"
"kwazulu-natal","Public Health","2022/07/15 00:00:00","2019"
"western cape","Private Health","2022/08/20 00:00:00","74"
"northern cape","Public Health","2021/06/18 00:00:00","906"
"limpopo","Public Health","2021/07/18 00:00:00","38"
"free state","Public Health","2021/02/18 00:00:00","260"
"eastern cape","Private Health","2021/10/27 00:00:00","3058"
"kwazulu-natal","Private Health","2022/03/11 00:00:00","3276"
"north west","Public Health","2022/02/20 00:00:00","1078"
"gauteng","Private Health","2021/08/09 00:00:00","721"
"gauteng","Private Health","2022/01/08 00:00:00","3837"
"eastern cape","Private Health","2021/07/27 00:00:00","6413"
"free state","Private Health","2022/03/28 00:00:00","991"
"mpumalanga","Public Health","2022/09/24 00:00:00","12"
"northern cape","Public Health","2021/07/05 00:00:00","2222"
"eastern cape","Public Health","2022/04/01 00:00:00","4658"
"kwazulu-natal","Public Health","2021/04/30 00:00:00","1604"
"gauteng","Private Health","2021/03/03 00:00:00","511"
"limpopo","Public Health","2021/10/02 00:00:00","8403"
"north west","Private Health","2021/03/08 00:00:00","120"
"mpumalanga","Public Health","2021/08/30 00:00:00","13743"
"northern cape","Private Health","2022/01/06 00:00:00","413"
"northern cape","Public Health","2022/07/11 00:00:00","815"
"western cape","Public Health","2022/01/24 00:00:00","6544"
"free state","Private Health","2022/05/19 00:00:00","577"
"kwazulu-natal","Public Health","2021/03/16 00:00:00","493"
"mpumalanga","Public Health","2021/12/06 00:00:00","7320"
"northern cape","Public Health","2022/10/04 00:00:00","109"
"gauteng","Public Health","2021/08/31 00:00:00","40578"
"mpumalanga","Public Health","2021/05/17 00:00:00","386"
"western cape","Public Health","2022/01/05 00:00:00","5252"
"mpumalanga","Public Health","2021/03/11 00:00:00","257"
"limpopo","Public Health","2022/10/07 00:00:00","657"
"western cape","Public Health","2022/08/22 00:00:00","857"
"eastern cape","Public Health","2022/07/08 00:00:00","1717"
"northern cape","Private Health","2021/08/12 00:00:00","600"
"northern cape","Private Health","2022/02/06 00:00:00","12"
"northern cape","Public Health","2022/08/05 00:00:00","142"
"northern cape","Private Health","2021/07/12 00:00:00","669"
"kwazulu-natal","Public Health","2022/12/11 00:00:00","11"
"kwazulu-natal","Public Health","2022/08/01 00:00:00","2302"
"free state","Private Health","2021/08/17 00:00:00","2024"
"northern cape","Private Health","2021/12/09 00:00:00","753"
"eastern cape","Private Health","2021/09/10 00:00:00","5505"
"western cape","Private Health","2022/01/01 00:00:00","26"
"free state","Public Health","2021/07/25 00:00:00","719"
"free state","Private Health","2021/09/24 00:00:00","213"
"north west","Public Health","2022/08/20 00:00:00","105"
"northern cape","Public Health","2021/07/06 00:00:00","2598"
"eastern cape","Public Health","2021/08/30 00:00:00","32820"
"kwazulu-natal","Private Health","2022/07/03 00:00:00","25"
"gauteng","Private Health","2021/06/26 00:00:00","1018"
"north west","Public Health","2022/08/05 00:00:00","177"
"eastern cape","Private Health","2022/07/25 00:00:00","99"
"limpopo","Private Health","2022/08/19 00:00:00","153"
"gauteng","Private Health","2022/07/10 00:00:00","47"
"northern cape","Private Health","2021/12/12 00:00:00","200"
"gauteng","Public Health","2021/10/22 00:00:00","32166"
"western cape","Public Health","2021/11/29 00:00:00","13936"
"western cape","Private Health","2021/09/03 00:00:00","16343"
"mpumalanga","Private Health","2022/07/18 00:00:00","210"
"gauteng","Private Health","2022/08/24 00:00:00","450"
"western cape","Private Health","2021/07/01 00:00:00","3950"
"western cape","Private Health","2022/07/17 00:00:00","0"
"north west","Private Health","2022/11/04 00:00:00","13"
"eastern cape","Public Health","2022/01/09 00:00:00","30"
"eastern cape","Public Health","2022/08/26 00:00:00","588"
"kwazulu-natal","Public Health","2021/08/12 00:00:00","19725"
"free state","Public Health","2022/07/19 00:00:00","868"
"western cape","Private Health","2021/07/11 00:00:00","594"
"north west","Public Health","2022/08/25 00:00:00","267"
"mpumalanga","Public Health","2022/03/23 00:00:00","5424"
"western cape","Public Health","2022/10/17 00:00:00","594"
"free state","Private Health","2022/09/08 00:00:00","18"
"limpopo","Public Health","2022/08/01 00:00:00","1256"
"free state","Public Health","2021/03/25 00:00:00","219"
"free state","Private Health","2022/12/01 00:00:00","3"
"northern cape","Public Health","2021/05/01 00:00:00","42"
"northern cape","Public Health","2022/06/30 00:00:00","833"
"limpopo","Public Health","2022/11/14 00:00:00","979"
"limpopo","Public Health","2021/11/08 00:00:00","8847"
"kwazulu-natal","Public Health","2021/04/12 00:00:00","2"
"north west","Private Health","2022/12/06 00:00:00","53"
"north west","Public Health","2021/10/18 00:00:00","8333"
"free state","Public Health","2022/09/23 00:00:00","323"
"kwazulu-natal","Private Health","2021/05/14 00:00:00","1020"
"eastern cape","Public Health","2021/10/18 00:00:00","15276"
"mpumalanga","Private Health","2021/12/04 00:00:00","431"
"northern cape","Public Health","2021/11/10 00:00:00","2657"
"eastern cape","Public Health","2022/01/03 00:00:00","2096"
"mpumalanga","Public Health","2022/09/16 00:00:00","652"
"mpumalanga","Public Health","2022/12/09 00:00:00","408"
"gauteng","Private Health","2022/01/06 00:00:00","10443"
"western cape","Public Health","2022/07/21 00:00:00","1099"
"kwazulu-natal","Public Health","2022/08/19 00:00:00","1304"
"mpumalanga","Private Health","2022/10/14 00:00:00","13"
"mpumalanga","Private Health","2022/11/29 00:00:00","11"
"limpopo","Public Health","2022/08/05 00:00:00","950"
"limpopo","Private Health","2021/08/26 00:00:00","5532"
"north west","Public Health","2021/07/01 00:00:00","6937"
"gauteng","Private Health","2022/06/10 00:00:00","2785"
"free state","Public Health","2021/03/09 00:00:00","841"
"kwazulu-natal","Private Health","2022/09/12 00:00:00","102"
"eastern cape","Private Health","2022/03/17 00:00:00","1676"
"free state","Public Health","2021/03/04 00:00:00","667"
"mpumalanga","Public Health","2021/08/11 00:00:00","7319"
"gauteng","Private Health","2022/11/20 00:00:00","11"
"western cape","Public Health","2022/07/25 00:00:00","803"
"mpumalanga","Private Health","2021/03/16 00:00:00","271"
"kwazulu-natal","Private Health","2022/11/07 00:00:00","30"
"limpopo","Public Health","2022/03/13 00:00:00","27"
"limpopo","Public Health","2021/11/07 00:00:00","5"
"gauteng","Private Health","2021/12/09 00:00:00","17154"
"kwazulu-natal","Public Health","2022/05/12 00:00:00","9725"
"gauteng","Public Health","2022/05/28 00:00:00","1532"
"limpopo","Public Health","2021/03/04 00:00:00","496"
"eastern cape","Public Health","2022/07/21 00:00:00","3085"
"kwazulu-natal","Private Health","2021/10/07 00:00:00","8521"
"kwazulu-natal","Private Health","2022/02/12 00:00:00","1323"
"mpumalanga","Public Health","2022/03/08 00:00:00","5392"
"north west","Public Health","2021/05/11 00:00:00","473"
"limpopo","Public Health","2022/07/12 00:00:00","1071"
"kwazulu-natal","Public Health","2021/10/23 00:00:00","6753"
"eastern cape","Private Health","2022/01/09 00:00:00","7"
"northern cape","Public Health","2021/11/15 00:00:00","2287"
"mpumalanga","Public Health","2022/09/04 00:00:00","12"
"kwazulu-natal","Private Health","2021/07/23 00:00:00","6337"
"gauteng","Public Health","2021/09/13 00:00:00","33282"
"free state","Public Health","2022/08/27 00:00:00","14"
"free state","Private Health","2021/12/24 00:00:00","463"
"free state","Public Health","2022/10/24 00:00:00","265"
"mpumalanga","Private Health","2021/09/14 00:00:00","3963"
"northern cape","Private Health","2022/04/22 00:00:00","287"
"kwazulu-natal","Public Health","2022/08/30 00:00:00","1114"
"northern cape","Private Health","2022/10/07 00:00:00","11"
"northern cape","Public Health","2021/09/05 00:00:00","269"
"limpopo","Public Health","2022/07/29 00:00:00","1093"
"gauteng","Public Health","2021/09/19 00:00:00","5960"
"eastern cape","Private Health","2022/09/08 00:00:00","44"
"north west","Private Health","2022/03/20 00:00:00","19"
"north west","Private Health","2022/12/09 00:00:00","36"
"northern cape","Private Health","2021/09/13 00:00:00","1028"
"mpumalanga","Private Health","2022/06/08 00:00:00","218"
"free state","Private Health","2022/03/26 00:00:00","338"
"kwazulu-natal","Public Health","2022/12/03 00:00:00","28"
"free state","Private Health","2022/06/22 00:00:00","206"
"northern cape","Public Health","2022/09/26 00:00:00","224"
"eastern cape","Private Health","2022/04/27 00:00:00","142"
"limpopo","Private Health","2021/09/13 00:00:00","6455"
"limpopo","Public Health","2022/02/26 00:00:00","457"
"free state","Public Health","2021/03/31 00:00:00","670"
"north west","Public Health","2022/11/03 00:00:00","384"
"northern cape","Private Health","2021/03/19 00:00:00","63"
"north west","Public Health","2021/07/06 00:00:00","6007"
"eastern cape","Private Health","2021/12/24 00:00:00","697"
"kwazulu-natal","Public Health","2022/01/27 00:00:00","8770"
"western cape","Public Health","2022/07/24 00:00:00","8"
"western cape","Private Health","2022/02/26 00:00:00","1568"
"limpopo","Public Health","2022/02/15 00:00:00","5502"
"kwazulu-natal","Private Health","2021/12/23 00:00:00","1553"
"mpumalanga","Public Health","2022/01/29 00:00:00","1652"
"gauteng","Private Health","2022/03/24 00:00:00","11039"
"mpumalanga","Private Health","2022/09/26 00:00:00","10"
"free state","Public Health","2021/08/31 00:00:00","10845"
"gauteng","Private Health","2022/05/19 00:00:00","4008"
"free state","Private Health","2021/11/24 00:00:00","1642"
"western cape","Private Health","2022/11/29 00:00:00","37"
"gauteng","Private Health","2021/09/11 00:00:00","8646"
"kwazulu-natal","Public Health","2021/10/29 00:00:00","18928"
"gauteng","Private Health","2021/08/25 00:00:00","34738"
"gauteng","Public Health","2022/03/05 00:00:00","5423"
"mpumalanga","Private Health","2022/05/08 00:00:00","2"
"eastern cape","Public Health","2021/07/05 00:00:00","19619"
"western cape","Public Health","2021/02/23 00:00:00","1238"
"gauteng","Public Health","2021/03/25 00:00:00","1721"
"western cape","Public Health","2022/01/31 00:00:00","4870"
"free state","Public Health","2021/05/15 00:00:00","23"
"eastern cape","Private Health","2022/06/14 00:00:00","360"
"north west","Public Health","2022/10/04 00:00:00","220"
"gauteng","Public Health","2021/03/26 00:00:00","1793"
"kwazulu-natal","Public Health","2022/03/03 00:00:00","16205"
"northern cape","Private Health","2022/11/18 00:00:00","9"
"northern cape","Public Health","2022/03/27 00:00:00","54"
"western cape","Public Health","2021/09/23 00:00:00","20252"
"mpumalanga","Private Health","2022/07/11 00:00:00","292"
"gauteng","Public Health","2022/03/12 00:00:00","2561"
"gauteng","Private Health","2022/02/23 00:00:00","9949"
"kwazulu-natal","Public Health","2021/12/17 00:00:00","6515"
"northern cape","Private Health","2021/08/27 00:00:00","1193"
"limpopo","Private Health","2021/06/15 00:00:00","413"
"limpopo","Private Health","2022/11/15 00:00:00","51"
"limpopo","Public Health","2022/11/26 00:00:00","11"
"western cape","Public Health","2022/02/25 00:00:00","8327"
"northern cape","Private Health","2022/09/29 00:00:00","13"
"eastern cape","Private Health","2022/08/11 00:00:00","80"
"free state","Public Health","2021/09/25 00:00:00","1013"
"free state","Public Health","2022/10/07 00:00:00","263"
"eastern cape","Private Health","2022/04/22 00:00:00","1036"
"western cape","Public Health","2022/05/26 00:00:00","2525"
"north west","Public Health","2021/11/01 00:00:00","11303"
"mpumalanga","Public Health","2022/11/12 00:00:00","47"
"western cape","Public Health","2021/10/13 00:00:00","22820"
"limpopo","Public Health","2021/06/16 00:00:00","140"
"western cape","Private Health","2021/09/26 00:00:00","350"
"mpumalanga","Private Health","2022/09/21 00:00:00","5"
"kwazulu-natal","Private Health","2022/10/08 00:00:00","13"
"western cape","Public Health","2022/02/04 00:00:00","5791"
"western cape","Private Health","2021/07/02 00:00:00","6310"
"gauteng","Private Health","2021/06/22 00:00:00","5948"
"eastern cape","Private Health","2022/03/15 00:00:00","1826"
"western cape","Public Health","2022/09/12 00:00:00","574"
"western cape","Public Health","2021/10/15 00:00:00","27128"
"northern cape","Public Health","2022/06/15 00:00:00","1035"
"northern cape","Private Health","2022/07/18 00:00:00","20"
"western cape","Public Health","2021/03/24 00:00:00","2080"
"free state","Public Health","2021/08/22 00:00:00","1195"
"western cape","Public Health","2022/06/10 00:00:00","2197"
"western cape","Private Health","2022/12/10 00:00:00","28"
"gauteng","Public Health","2021/08/01 00:00:00","1823"
"western cape","Private Health","2021/12/11 00:00:00","1963"
"eastern cape","Public Health","2022/04/04 00:00:00","5013"
"north west","Public Health","2021/09/06 00:00:00","8461"
"north west","Private Health","2022/11/24 00:00:00","22"
"gauteng","Private Health","2021/05/29 00:00:00","190"
"kwazulu-natal","Public Health","2022/04/24 00:00:00","1122"
"limpopo","Public Health","2022/08/10 00:00:00","1370"
"free state","Public Health","2021/07/01 00:00:00","8011"
"eastern cape","Public Health","2021/07/11 00:00:00","266"
"kwazulu-natal","Public Health","2022/03/10 00:00:00","13551"
"western cape","Private Health","2021/08/27 00:00:00","18361"
"limpopo","Private Health","2022/01/08 00:00:00","570"
"kwazulu-natal","Public Health","2021/11/02 00:00:00","16492"
"western cape","Public Health","2022/06/24 00:00:00","1198"
"kwazulu-natal","Public Health","2021/03/23 00:00:00","1114"
"north west","Private Health","2021/09/16 00:00:00","5307"
"north west","Public Health","2022/05/31 00:00:00","1915"
"free state","Private Health","2022/07/16 00:00:00","1"
"gauteng","Public Health","2021/09/28 00:00:00","23233"
"free state","Private Health","2021/09/05 00:00:00","6"
"kwazulu-natal","Public Health","2022/11/15 00:00:00","689"
"free state","Public Health","2021/05/07 00:00:00","188"
"kwazulu-natal","Private Health","2021/11/03 00:00:00","4819"
"northern cape","Private Health","2021/07/08 00:00:00","718"
"north west","Public Health","2021/08/10 00:00:00","7680"
"western cape","Public Health","2021/04/28 00:00:00","800"
"kwazulu-natal","Private Health","2022/08/30 00:00:00","77"
"northern cape","Private Health","2022/11/25 00:00:00","27"
"kwazulu-natal","Public Health","2021/08/10 00:00:00","21323"
"eastern cape","Public Health","2021/10/23 00:00:00","3956"
"north west","Public Health","2021/07/18 00:00:00","2107"
"western cape","Public Health","2021/07/07 00:00:00","24253"
"eastern cape","Private Health","2021/11/28 00:00:00","20"
"free state","Private Health","2021/09/23 00:00:00","2502"
"limpopo","Public Health","2022/07/30 00:00:00","10"
"free state","Private Health","2021/09/27 00:00:00","2684"
"mpumalanga","Public Health","2022/02/23 00:00:00","4421"
"mpumalanga","Private Health","2021/06/07 00:00:00","242"
"limpopo","Private Health","2022/01/03 00:00:00","1476"
"free state","Private Health","2022/11/08 00:00:00","2"
"north west","Public Health","2022/09/02 00:00:00","124"
"western cape","Public Health","2021/05/29 00:00:00","572"
"limpopo","Public Health","2022/05/19 00:00:00","6778"
"north west","Private Health","2022/10/28 00:00:00","41"
"limpopo","Private Health","2021/07/28 00:00:00","3227"
"limpopo","Public Health","2021/12/05 00:00:00","1503"
"kwazulu-natal","Public Health","2021/11/11 00:00:00","13963"
"free state","Private Health","2022/09/19 00:00:00","19"
"mpumalanga","Private Health","2022/08/01 00:00:00","186"
"gauteng","Private Health","2022/02/05 00:00:00","4268"
"northern cape","Public Health","2022/10/29 00:00:00","16"
"kwazulu-natal","Private Health","2022/05/31 00:00:00","838"
"kwazulu-natal","Private Health","2022/10/26 00:00:00","11"
"eastern cape","Public Health","2022/09/23 00:00:00","382"
"limpopo","Public Health","2021/03/29 00:00:00","918"
"northern cape","Public Health","2021/06/09 00:00:00","871"
"limpopo","Private Health","2021/11/25 00:00:00","2370"
"mpumalanga","Public Health","2022/06/22 00:00:00","2616"
"free state","Public Health","2022/01/29 00:00:00","792"
"mpumalanga","Private Health","2022/10/04 00:00:00","9"
"eastern cape","Public Health","2022/05/02 00:00:00","506"
"gauteng","Public Health","2021/09/15 00:00:00","37367"
"western cape","Private Health","2022/07/07 00:00:00","533"
"kwazulu-natal","Public Health","2021/11/17 00:00:00","13014"
"free state","Private Health","2022/09/10 00:00:00","4"
"western cape","Private Health","2022/12/05 00:00:00","10"
"northern cape","Private Health","2021/11/23 00:00:00","723"
"northern cape","Public Health","2022/12/07 00:00:00","136"
"mpumalanga","Public Health","2022/02/03 00:00:00","3647"
"northern cape","Public Health","2022/08/23 00:00:00","205"
"western cape","Private Health","2021/06/09 00:00:00","3195"
"western cape","Private Health","2022/01/14 00:00:00","5444"
"northern cape","Public Health","2022/10/10 00:00:00","135"
"north west","Private Health","2022/08/16 00:00:00","49"
"kwazulu-natal","Public Health","2022/08/18 00:00:00","1873"
"western cape","Private Health","2021/02/18 00:00:00","1"
"gauteng","Private Health","2022/07/26 00:00:00","791"
"free state","Public Health","2021/07/08 00:00:00","8673"
"kwazulu-natal","Public Health","2021/09/22 00:00:00","17023"
"north west","Private Health","2021/11/15 00:00:00","2254"
"gauteng","Public Health","2021/12/01 00:00:00","33312"
"kwazulu-natal","Public Health","2021/07/04 00:00:00","2116"
"north west","Private Health","2021/10/17 00:00:00","72"
"gauteng","Private Health","2022/04/05 00:00:00","7397"
"limpopo","Private Health","2021/08/17 00:00:00","2671"
"kwazulu-natal","Public Health","2022/03/04 00:00:00","14927"
"kwazulu-natal","Private Health","2021/11/17 00:00:00","4517"
"western cape","Private Health","2022/08/28 00:00:00","2"
"eastern cape","Private Health","2022/08/23 00:00:00","140"
"northern cape","Private Health","2022/08/01 00:00:00","23"
"eastern cape","Private Health","2022/03/11 00:00:00","2217"
"western cape","Private Health","2021/05/24 00:00:00","83"
"limpopo","Public Health","2022/02/16 00:00:00","6627"
"free state","Public Health","2021/11/04 00:00:00","9390"
"northern cape","Public Health","2022/02/07 00:00:00","406"
"free state","Private Health","2022/12/12 00:00:00","11"
"kwazulu-natal","Private Health","2022/08/03 00:00:00","216"
"limpopo","Public Health","2022/09/18 00:00:00","7"
"western cape","Public Health","2022/03/28 00:00:00","5509"
"mpumalanga","Private Health","2022/08/12 00:00:00","63"
"western cape","Public Health","2021/07/25 00:00:00","120"
"eastern cape","Private Health","2021/07/03 00:00:00","176"
"kwazulu-natal","Public Health","2022/04/15 00:00:00","582"
"gauteng","Private Health","2021/05/22 00:00:00","1354"
"limpopo","Private Health","2022/05/20 00:00:00","742"
"eastern cape","Private Health","2022/01/04 00:00:00","1488"
"northern cape","Private Health","2021/07/07 00:00:00","383"
"kwazulu-natal","Private Health","2022/01/22 00:00:00","2061"
"limpopo","Private Health","2022/06/06 00:00:00","406"
"northern cape","Private Health","2022/09/02 00:00:00","7"
"northern cape","Public Health","2022/10/25 00:00:00","254"
"western cape","Private Health","2021/05/31 00:00:00","706"
"kwazulu-natal","Private Health","2022/08/25 00:00:00","99"
"limpopo","Public Health","2022/10/26 00:00:00","731"
"mpumalanga","Public Health","2022/04/18 00:00:00","97"
"limpopo","Private Health","2022/12/06 00:00:00","34"
"mpumalanga","Public Health","2022/12/10 00:00:00","66"
"mpumalanga","Public Health","2021/03/02 00:00:00","243"
"western cape","Private Health","2021/07/18 00:00:00","847"
"northern cape","Public Health","2021/08/17 00:00:00","2865"
"western cape","Public Health","2022/09/03 00:00:00","81"
"north west","Public Health","2021/04/30 00:00:00","264"
"kwazulu-natal","Private Health","2021/02/17 00:00:00","1"
"north west","Private Health","2022/06/16 00:00:00","27"
"mpumalanga","Private Health","2022/08/15 00:00:00","77"
"western cape","Private Health","2021/12/05 00:00:00","472"
"gauteng","Private Health","2021/10/27 00:00:00","23838"
"free state","Private Health","2021/09/11 00:00:00","501"
"gauteng","Public Health","2021/12/23 00:00:00","8487"
"kwazulu-natal","Private Health","2022/05/30 00:00:00","731"
"gauteng","Public Health","2022/09/10 00:00:00","136"
"kwazulu-natal","Public Health","2021/09/14 00:00:00","28441"
"north west","Public Health","2022/12/09 00:00:00","268"
"north west","Private Health","2022/09/23 00:00:00","37"
"limpopo","Private Health","2022/05/24 00:00:00","580"
"free state","Public Health","2022/09/19 00:00:00","354"
"northern cape","Private Health","2021/11/27 00:00:00","190"
"western cape","Private Health","2021/06/29 00:00:00","3557"
"limpopo","Private Health","2022/03/02 00:00:00","2219"
"north west","Private Health","2021/07/25 00:00:00","450"
"mpumalanga","Public Health","2021/06/12 00:00:00","187"
"mpumalanga","Public Health","2022/10/13 00:00:00","415"
"north west","Public Health","2022/08/30 00:00:00","223"
"limpopo","Private Health","2022/10/26 00:00:00","52"
"mpumalanga","Public Health","2022/10/23 00:00:00","7"
"gauteng","Private Health","2021/11/08 00:00:00","13773"
"limpopo","Private Health","2022/01/26 00:00:00","1349"
"eastern cape","Public Health","2022/06/07 00:00:00","5805"
"gauteng","Public Health","2021/07/18 00:00:00","1452"
"free state","Public Health","2021/08/21 00:00:00","1488"
"western cape","Private Health","2021/03/19 00:00:00","135"
"gauteng","Private Health","2021/11/11 00:00:00","17563"
"limpopo","Public Health","2021/11/24 00:00:00","10075"
"gauteng","Public Health","2021/09/26 00:00:00","1779"
"gauteng","Public Health","2022/08/26 00:00:00","1003"
"north west","Private Health","2022/07/09 00:00:00","23"
"limpopo","Public Health","2022/06/27 00:00:00","1580"
"eastern cape","Public Health","2022/09/29 00:00:00","1449"
"mpumalanga","Private Health","2022/01/17 00:00:00","1075"
"mpumalanga","Private Health","2021/07/07 00:00:00","1080"
"kwazulu-natal","Private Health","2021/11/04 00:00:00","4068"
"western cape","Public Health","2021/12/19 00:00:00","157"
"northern cape","Private Health","2022/02/19 00:00:00","198"
"gauteng","Public Health","2021/10/15 00:00:00","31890"
"limpopo","Private Health","2021/08/21 00:00:00","961"
"northern cape","Private Health","2022/06/15 00:00:00","106"
"north west","Private Health","2022/04/26 00:00:00","1216"
"kwazulu-natal","Public Health","2021/04/27 00:00:00","2"
"kwazulu-natal","Private Health","2022/07/31 00:00:00","5"
"gauteng","Private Health","2021/10/15 00:00:00","31106"
"mpumalanga","Public Health","2021/09/25 00:00:00","2782"
"northern cape","Private Health","2022/03/30 00:00:00","310"
"north west","Public Health","2021/12/05 00:00:00","2904"
"western cape","Public Health","2022/09/26 00:00:00","474"
"north west","Public Health","2022/08/13 00:00:00","123"
"kwazulu-natal","Public Health","2022/05/20 00:00:00","12532"
"mpumalanga","Private Health","2021/09/09 00:00:00","3703"
"north west","Private Health","2021/08/02 00:00:00","2517"
"gauteng","Private Health","2021/10/25 00:00:00","22715"
"free state","Private Health","2021/10/15 00:00:00","3031"
"free state","Public Health","2021/12/19 00:00:00","43"
"kwazulu-natal","Public Health","2022/09/15 00:00:00","1014"
"mpumalanga","Public Health","2022/05/15 00:00:00","43"
"limpopo","Public Health","2022/07/31 00:00:00","23"
"gauteng","Private Health","2021/10/11 00:00:00","27862"
"gauteng","Private Health","2022/01/11 00:00:00","12698"
"free state","Public Health","2022/09/02 00:00:00","561"
"gauteng","Public Health","2021/11/05 00:00:00","19478"
"mpumalanga","Public Health","2022/03/16 00:00:00","6194"
"northern cape","Public Health","2021/10/23 00:00:00","1423"
"north west","Private Health","2021/11/04 00:00:00","2955"
"north west","Private Health","2022/02/09 00:00:00","792"
"limpopo","Public Health","2022/08/07 00:00:00","25"
"northern cape","Private Health","2022/08/19 00:00:00","28"
"kwazulu-natal","Public Health","2021/10/05 00:00:00","16559"
"kwazulu-natal","Private Health","2021/09/17 00:00:00","11034"
"limpopo","Public Health","2021/05/05 00:00:00","1509"
"limpopo","Private Health","2021/05/29 00:00:00","94"
"free state","Private Health","2021/08/10 00:00:00","2075"
"western cape","Private Health","2022/03/28 00:00:00","4622"
"kwazulu-natal","Private Health","2022/12/02 00:00:00","30"
"northern cape","Public Health","2021/07/27 00:00:00","4604"
"eastern cape","Public Health","2021/05/24 00:00:00","6356"
"north west","Private Health","2022/08/20 00:00:00","11"
"northern cape","Private Health","2022/06/29 00:00:00","33"
"mpumalanga","Public Health","2022/01/02 00:00:00","40"
"mpumalanga","Public Health","2021/12/07 00:00:00","6723"
"limpopo","Private Health","2022/03/11 00:00:00","1657"
"kwazulu-natal","Public Health","2022/11/04 00:00:00","655"
"free state","Private Health","2021/08/11 00:00:00","1857"
"northern cape","Private Health","2022/02/08 00:00:00","285"
"free state","Private Health","2022/08/17 00:00:00","21"
"kwazulu-natal","Public Health","2022/06/12 00:00:00","435"
"eastern cape","Public Health","2021/07/02 00:00:00","14115"
"gauteng","Private Health","2021/08/14 00:00:00","6553"
"mpumalanga","Public Health","2022/05/09 00:00:00","4049"
"eastern cape","Public Health","2022/04/17 00:00:00","249"
"western cape","Private Health","2022/09/09 00:00:00","217"
"limpopo","Private Health","2022/01/25 00:00:00","1531"
"limpopo","Private Health","2022/02/07 00:00:00","1105"
"western cape","Private Health","2022/07/29 00:00:00","272"
"kwazulu-natal","Private Health","2021/10/26 00:00:00","5663"
"eastern cape","Public Health","2022/08/09 00:00:00","71"
"north west","Private Health","2022/07/10 00:00:00","1"
"north west","Public Health","2021/03/01 00:00:00","221"
"limpopo","Private Health","2022/04/23 00:00:00","445"
"eastern cape","Public Health","2021/12/17 00:00:00","2495"
"kwazulu-natal","Private Health","2021/10/28 00:00:00","5523"
"northern cape","Public Health","2022/07/22 00:00:00","1013"
"northern cape","Public Health","2022/03/17 00:00:00","1273"
"eastern cape","Private Health","2022/10/20 00:00:00","22"
"free state","Private Health","2021/12/05 00:00:00","30"
"eastern cape","Public Health","2022/10/03 00:00:00","843"
"limpopo","Private Health","2022/10/24 00:00:00","33"
"eastern cape","Public Health","2022/12/04 00:00:00","23"
"kwazulu-natal","Private Health","2021/11/23 00:00:00","4114"
"western cape","Public Health","2021/09/17 00:00:00","28792"
"gauteng","Private Health","2022/03/11 00:00:00","13850"
"north west","Public Health","2021/10/16 00:00:00","5146"
"mpumalanga","Private Health","2021/08/03 00:00:00","1915"
"eastern cape","Private Health","2022/02/15 00:00:00","1299"
"western cape","Public Health","2022/10/22 00:00:00","96"
"gauteng","Private Health","2022/08/31 00:00:00","485"
"western cape","Private Health","2022/07/02 00:00:00","217"
"kwazulu-natal","Private Health","2021/05/11 00:00:00","1199"
"north west","Public Health","2022/06/29 00:00:00","814"
"eastern cape","Private Health","2022/04/20 00:00:00","753"
"north west","Public Health","2022/01/16 00:00:00","620"
"limpopo","Private Health","2021/12/23 00:00:00","1316"
"free state","Public Health","2022/11/02 00:00:00","399"
"western cape","Private Health","2021/11/09 00:00:00","6151"
"limpopo","Public Health","2021/07/20 00:00:00","25385"
"free state","Public Health","2022/02/23 00:00:00","6557"
"north west","Public Health","2022/01/09 00:00:00","1287"
"gauteng","Private Health","2021/09/03 00:00:00","37900"
"mpumalanga","Private Health","2022/09/23 00:00:00","13"
"western cape","Private Health","2022/11/22 00:00:00","11"
"mpumalanga","Private Health","2021/10/28 00:00:00","2267"
"kwazulu-natal","Public Health","2021/10/24 00:00:00","4008"
"western cape","Private Health","2022/04/20 00:00:00","2084"
"northern cape","Private Health","2021/08/22 00:00:00","37"
"free state","Public Health","2022/09/30 00:00:00","254"
"western cape","Public Health","2021/03/09 00:00:00","1462"
"kwazulu-natal","Private Health","2022/06/15 00:00:00","498"
"gauteng","Private Health","2022/05/16 00:00:00","4079"
"northern cape","Private Health","2022/08/30 00:00:00","16"
"kwazulu-natal","Public Health","2022/11/28 00:00:00","699"
"limpopo","Private Health","2022/05/15 00:00:00","45"
"kwazulu-natal","Public Health","2021/04/08 00:00:00","713"
"mpumalanga","Public Health","2021/05/16 00:00:00","124"
"limpopo","Public Health","2021/08/01 00:00:00","85"
"kwazulu-natal","Public Health","2021/06/07 00:00:00","14671"
"northern cape","Private Health","2022/06/03 00:00:00","183"
"north west","Public Health","2021/05/03 00:00:00","720"
"gauteng","Private Health","2022/06/16 00:00:00","518"
"gauteng","Private Health","2021/09/26 00:00:00","2457"
"mpumalanga","Public Health","2022/05/31 00:00:00","3737"
"north west","Public Health","2022/07/22 00:00:00","356"
"eastern cape","Private Health","2021/04/13 00:00:00","100"
"gauteng","Public Health","2021/07/13 00:00:00","22575"
"limpopo","Private Health","2022/09/10 00:00:00","32"
"kwazulu-natal","Private Health","2022/10/11 00:00:00","51"
"eastern cape","Public Health","2021/07/16 00:00:00","21619"
"gauteng","Public Health","2021/12/06 00:00:00","27480"
"limpopo","Public Health","2022/11/17 00:00:00","899"
"western cape","Public Health","2021/11/12 00:00:00","17087"
"free state","Public Health","2022/10/31 00:00:00","272"
"eastern cape","Private Health","2021/09/11 00:00:00","470"
"free state","Public Health","2021/04/13 00:00:00","122"
"limpopo","Public Health","2022/09/20 00:00:00","805"
"mpumalanga","Private Health","2021/10/17 00:00:00","17"
"kwazulu-natal","Private Health","2021/06/15 00:00:00","1518"
"eastern cape","Private Health","2022/08/16 00:00:00","123"
"eastern cape","Public Health","2021/05/15 00:00:00","120"
"western cape","Private Health","2021/06/12 00:00:00","398"
"northern cape","Private Health","2022/04/29 00:00:00","244"
"mpumalanga","Private Health","2022/08/03 00:00:00","73"
"eastern cape","Public Health","2022/06/19 00:00:00","56"
"eastern cape","Private Health","2021/09/30 00:00:00","3294"
"kwazulu-natal","Private Health","2022/02/17 00:00:00","2160"
"mpumalanga","Private Health","2022/08/06 00:00:00","23"
"limpopo","Public Health","2021/12/24 00:00:00","1255"
"gauteng","Private Health","2022/04/14 00:00:00","6555"
"kwazulu-natal","Private Health","2022/11/16 00:00:00","24"
"gauteng","Private Health","2022/08/11 00:00:00","557"
"limpopo","Public Health","2022/11/05 00:00:00","24"
"western cape","Private Health","2022/04/12 00:00:00","2475"
"gauteng","Public Health","2022/10/03 00:00:00","888"
"western cape","Private Health","2022/02/21 00:00:00","4397"
"limpopo","Public Health","2021/08/13 00:00:00","6630"
"mpumalanga","Private Health","2021/12/08 00:00:00","1751"
"north west","Private Health","2022/11/10 00:00:00","20"
"limpopo","Private Health","2022/08/11 00:00:00","355"
"gauteng","Private Health","2022/02/12 00:00:00","3556"
"gauteng","Public Health","2021/11/12 00:00:00","23288"
"limpopo","Public Health","2022/11/27 00:00:00","2"
"gauteng","Private Health","2021/11/15 00:00:00","17445"
"gauteng","Public Health","2021/10/12 00:00:00","33774"
"northern cape","Public Health","2021/06/25 00:00:00","1442"
"western cape","Public Health","2021/12/21 00:00:00","4529"
"eastern cape","Public Health","2021/06/20 00:00:00","7"
"western cape","Public Health","2022/11/09 00:00:00","601"
"northern cape","Public Health","2022/03/21 00:00:00","43"
"north west","Private Health","2021/07/14 00:00:00","846"
"kwazulu-natal","Public Health","2022/07/20 00:00:00","2794"
"limpopo","Public Health","2022/11/30 00:00:00","666"
"gauteng","Private Health","2022/10/09 00:00:00","8"
"limpopo","Private Health","2022/10/04 00:00:00","65"
"western cape","Public Health","2021/03/03 00:00:00","962"
"kwazulu-natal","Public Health","2022/11/02 00:00:00","791"
"northern cape","Private Health","2021/09/03 00:00:00","1090"
"northern cape","Public Health","2022/01/14 00:00:00","1699"
"western cape","Public Health","2022/05/14 00:00:00","278"
"free state","Private Health","2022/09/05 00:00:00","25"
"mpumalanga","Public Health","2022/11/21 00:00:00","633"
"northern cape","Public Health","2022/05/25 00:00:00","1630"
"gauteng","Public Health","2021/08/20 00:00:00","40123"
"free state","Public Health","2022/06/16 00:00:00","144"
"western cape","Private Health","2021/07/12 00:00:00","8805"
"free state","Public Health","2022/08/18 00:00:00","737"
"free state","Public Health","2021/11/18 00:00:00","7674"
"eastern cape","Public Health","2022/06/11 00:00:00","244"
"mpumalanga","Private Health","2022/01/27 00:00:00","1215"
"limpopo","Private Health","2021/08/22 00:00:00","28"
"gauteng","Public Health","2021/10/25 00:00:00","30949"
"mpumalanga","Private Health","2021/12/28 00:00:00","741"
"limpopo","Public Health","2022/05/06 00:00:00","5043"
"free state","Private Health","2022/03/14 00:00:00","827"
"limpopo","Public Health","2021/08/24 00:00:00","25407"
"kwazulu-natal","Private Health","2021/10/23 00:00:00","4359"
"free state","Public Health","2022/07/29 00:00:00","527"
"north west","Public Health","2022/08/16 00:00:00","311"
"free state","Public Health","2022/04/28 00:00:00","4830"
"limpopo","Public Health","2021/06/21 00:00:00","16356"
"western cape","Private Health","2022/09/24 00:00:00","16"
"northern cape","Public Health","2022/11/24 00:00:00","253"
"eastern cape","Private Health","2022/10/17 00:00:00","13"
"kwazulu-natal","Public Health","2022/10/05 00:00:00","898"
"gauteng","Private Health","2021/10/19 00:00:00","21255"
"north west","Private Health","2022/11/01 00:00:00","29"
"western cape","Public Health","2022/11/20 00:00:00","2"
"kwazulu-natal","Private Health","2022/09/28 00:00:00","27"
"kwazulu-natal","Public Health","2021/06/27 00:00:00","875"
"western cape","Public Health","2022/03/21 00:00:00","19"
"kwazulu-natal","Private Health","2022/07/21 00:00:00","229"
"eastern cape","Public Health","2022/07/24 00:00:00","26"
"northern cape","Public Health","2021/10/09 00:00:00","800"
"western cape","Public Health","2021/09/27 00:00:00","17577"
"north west","Private Health","2022/07/27 00:00:00","66"
"western cape","Private Health","2022/10/12 00:00:00","31"
"free state","Private Health","2021/11/13 00:00:00","465"
"gauteng","Private Health","2021/08/12 00:00:00","19988"
"gauteng","Private Health","2021/07/30 00:00:00","25158"
"north west","Public Health","2021/06/04 00:00:00","3437"
"western cape","Private Health","2021/05/22 00:00:00","88"
"limpopo","Private Health","2022/08/10 00:00:00","293"
"north west","Private Health","2022/09/14 00:00:00","36"
"western cape","Public Health","2021/11/08 00:00:00","11878"
"eastern cape","Public Health","2021/04/28 00:00:00","432"
"eastern cape","Public Health","2022/06/03 00:00:00","3737"
"eastern cape","Private Health","2022/03/29 00:00:00","1356"
"mpumalanga","Public Health","2022/06/20 00:00:00","2802"
"mpumalanga","Private Health","2022/10/20 00:00:00","12"
"gauteng","Private Health","2021/07/07 00:00:00","20116"
"eastern cape","Public Health","2022/04/16 00:00:00","232"
"north west","Public Health","2021/06/22 00:00:00","3061"
"northern cape","Public Health","2021/10/12 00:00:00","3690"
"eastern cape","Public Health","2021/03/03 00:00:00","524"
"limpopo","Public Health","2021/02/17 00:00:00","1"
"gauteng","Public Health","2022/09/11 00:00:00","37"
"gauteng","Private Health","2022/05/02 00:00:00","1017"
"gauteng","Private Health","2022/07/08 00:00:00","1712"
"gauteng","Private Health","2021/07/02 00:00:00","15205"
"limpopo","Private Health","2022/03/06 00:00:00","22"
"western cape","Public Health","2022/07/28 00:00:00","981"
"western cape","Private Health","2022/05/12 00:00:00","1752"
"gauteng","Public Health","2022/07/25 00:00:00","1486"
"gauteng","Public Health","2021/12/11 00:00:00","5496"
"free state","Public Health","2022/08/17 00:00:00","813"
"kwazulu-natal","Public Health","2021/09/04 00:00:00","6690"
"mpumalanga","Private Health","2021/02/22 00:00:00","2"
"kwazulu-natal","Public Health","2022/02/05 00:00:00","1471"
"gauteng","Private Health","2021/07/29 00:00:00","24143"
"western cape","Public Health","2021/07/19 00:00:00","23492"
"limpopo","Public Health","2022/01/05 00:00:00","7220"
"north west","Public Health","2022/07/04 00:00:00","590"
"limpopo","Public Health","2021/05/31 00:00:00","7357"
"eastern cape","Private Health","2022/06/15 00:00:00","358"
"eastern cape","Public Health","2022/04/29 00:00:00","5837"
"kwazulu-natal","Private Health","2022/02/22 00:00:00","2221"
"mpumalanga","Private Health","2021/12/15 00:00:00","1558"
"gauteng","Public Health","2021/02/18 00:00:00","373"
"north west","Private Health","2022/05/28 00:00:00","122"
"eastern cape","Private Health","2022/04/21 00:00:00","855"
"kwazulu-natal","Public Health","2022/08/14 00:00:00","100"
"mpumalanga","Public Health","2021/04/29 00:00:00","190"
"northern cape","Private Health","2022/10/18 00:00:00","9"
"free state","Private Health","2022/07/11 00:00:00","103"
"limpopo","Private Health","2021/02/22 00:00:00","3"
"eastern cape","Private Health","2021/11/01 00:00:00","713"
"gauteng","Public Health","2022/06/19 00:00:00","217"
"limpopo","Public Health","2021/07/29 00:00:00","26900"
"limpopo","Private Health","2021/09/10 00:00:00","6043"
"limpopo","Public Health","2021/11/22 00:00:00","7170"
"mpumalanga","Public Health","2021/07/29 00:00:00","11162"
"western cape","Private Health","2022/08/06 00:00:00","102"
"eastern cape","Private Health","2021/08/28 00:00:00","670"
"free state","Private Health","2021/06/11 00:00:00","146"
"north west","Public Health","2022/03/16 00:00:00","5062"
"western cape","Public Health","2022/05/12 00:00:00","3459"
"free state","Public Health","2021/12/01 00:00:00","10681"
"limpopo","Private Health","2021/03/01 00:00:00","11"
"mpumalanga","Public Health","2022/10/09 00:00:00","6"
"mpumalanga","Public Health","2022/02/20 00:00:00","384"
"eastern cape","Private Health","2022/08/03 00:00:00","108"
"gauteng","Public Health","2022/09/28 00:00:00","1047"
"mpumalanga","Private Health","2021/09/02 00:00:00","3401"
"gauteng","Private Health","2022/12/01 00:00:00","227"
"eastern cape","Public Health","2022/11/22 00:00:00","948"
"kwazulu-natal","Public Health","2021/08/24 00:00:00","23883"
"kwazulu-natal","Private Health","2021/07/24 00:00:00","1717"
"limpopo","Public Health","2021/09/11 00:00:00","591"
"eastern cape","Public Health","2021/10/19 00:00:00","16202"
"eastern cape","Public Health","2022/11/27 00:00:00","20"
"western cape","Private Health","2021/11/06 00:00:00","2421"
"free state","Public Health","2021/10/02 00:00:00","6441"
"free state","Public Health","2022/04/26 00:00:00","4515"
"western cape","Public Health","2021/11/03 00:00:00","17475"
"eastern cape","Private Health","2022/10/22 00:00:00","2"
"mpumalanga","Private Health","2021/03/08 00:00:00","168"
"mpumalanga","Public Health","2022/10/16 00:00:00","7"
"gauteng","Private Health","2022/12/06 00:00:00","158"
"western cape","Public Health","2021/12/11 00:00:00","2031"
"kwazulu-natal","Private Health","2021/06/08 00:00:00","1163"
"eastern cape","Private Health","2022/09/01 00:00:00","60"
"eastern cape","Private Health","2021/09/06 00:00:00","4853"
"limpopo","Public Health","2021/07/31 00:00:00","2198"
"gauteng","Private Health","2022/08/15 00:00:00","591"
"north west","Public Health","2021/07/20 00:00:00","10310"
"north west","Public Health","2021/08/05 00:00:00","7121"
"mpumalanga","Private Health","2022/06/16 00:00:00","51"
"eastern cape","Private Health","2022/05/28 00:00:00","166"
"north west","Private Health","2022/07/12 00:00:00","149"
"gauteng","Public Health","2022/03/25 00:00:00","12165"
"eastern cape","Private Health","2022/05/01 00:00:00","4"
"western cape","Private Health","2021/09/18 00:00:00","2399"
"western cape","Public Health","2022/05/21 00:00:00","275"
"kwazulu-natal","Public Health","2022/06/15 00:00:00","5832"
"eastern cape","Private Health","2021/11/29 00:00:00","3714"
"mpumalanga","Public Health","2022/09/18 00:00:00","7"
"north west","Public Health","2021/03/05 00:00:00","448"
"western cape","Private Health","2022/11/14 00:00:00","32"
"free state","Public Health","2021/04/29 00:00:00","564"
"gauteng","Public Health","2021/05/28 00:00:00","13273"
"north west","Private Health","2022/06/23 00:00:00","227"
"northern cape","Private Health","2022/06/20 00:00:00","102"
"limpopo","Public Health","2021/11/06 00:00:00","238"
"gauteng","Public Health","2022/08/23 00:00:00","1463"
"mpumalanga","Public Health","2022/04/22 00:00:00","4924"
"western cape","Public Health","2022/01/13 00:00:00","8894"
"northern cape","Public Health","2021/09/01 00:00:00","4372"
"kwazulu-natal","Public Health","2021/07/12 00:00:00","4476"
"free state","Public Health","2021/08/05 00:00:00","8217"
"gauteng","Public Health","2022/11/15 00:00:00","1477"
"north west","Private Health","2022/08/08 00:00:00","57"
"limpopo","Private Health","2022/11/14 00:00:00","52"
"gauteng","Public Health","2021/03/14 00:00:00","1"
"northern cape","Private Health","2021/09/09 00:00:00","969"
"northern cape","Public Health","2022/11/07 00:00:00","158"
"western cape","Private Health","2022/03/26 00:00:00","1338"
"mpumalanga","Private Health","2022/01/30 00:00:00","105"
"gauteng","Private Health","2021/11/22 00:00:00","16196"
"kwazulu-natal","Private Health","2021/12/31 00:00:00","1159"
"free state","Public Health","2022/07/15 00:00:00","824"
"free state","Private Health","2022/06/02 00:00:00","284"
"gauteng","Public Health","2021/10/27 00:00:00","33484"
"eastern cape","Public Health","2022/10/10 00:00:00","1424"
"gauteng","Private Health","2021/05/06 00:00:00","2682"
"eastern cape","Public Health","2022/10/27 00:00:00","797"
"eastern cape","Private Health","2022/04/13 00:00:00","1175"
"free state","Private Health","2021/08/09 00:00:00","49"
"eastern cape","Public Health","2021/12/28 00:00:00","1814"
"mpumalanga","Private Health","2021/05/31 00:00:00","292"
"kwazulu-natal","Private Health","2022/10/21 00:00:00","17"
"northern cape","Public Health","2021/12/02 00:00:00","2687"
"northern cape","Private Health","2022/06/28 00:00:00","75"
"eastern cape","Private Health","2022/01/23 00:00:00","24"
"limpopo","Public Health","2022/04/27 00:00:00","598"
"gauteng","Private Health","2022/03/26 00:00:00","5193"
"limpopo","Public Health","2021/06/22 00:00:00","14039"
"western cape","Private Health","2021/07/15 00:00:00","11039"
"eastern cape","Public Health","2021/08/14 00:00:00","848"
"eastern cape","Private Health","2022/02/02 00:00:00","1149"
"kwazulu-natal","Public Health","2022/03/13 00:00:00","908"
"western cape","Public Health","2021/10/01 00:00:00","24713"
"eastern cape","Private Health","2021/06/05 00:00:00","130"
"north west","Private Health","2022/07/18 00:00:00","113"
"north west","Public Health","2022/02/09 00:00:00","4302"
"free state","Public Health","2022/02/11 00:00:00","4183"
"eastern cape","Private Health","2021/05/30 00:00:00","2"
"free state","Public Health","2022/12/12 00:00:00","153"
"free state","Public Health","2021/08/30 00:00:00","10465"
"free state","Private Health","2021/11/09 00:00:00","1996"
"free state","Public Health","2022/12/07 00:00:00","248"
"western cape","Public Health","2022/08/23 00:00:00","863"
"northern cape","Private Health","2022/01/14 00:00:00","692"
"limpopo","Public Health","2022/08/30 00:00:00","1022"
"gauteng","Private Health","2022/08/05 00:00:00","747"
"northern cape","Private Health","2022/08/23 00:00:00","13"
"kwazulu-natal","Private Health","2022/01/29 00:00:00","1900"
"gauteng","Private Health","2022/07/14 00:00:00","1085"
"kwazulu-natal","Public Health","2021/09/03 00:00:00","26389"
"mpumalanga","Private Health","2021/05/29 00:00:00","8"
"kwazulu-natal","Private Health","2022/08/18 00:00:00","138"
"gauteng","Public Health","2021/06/02 00:00:00","12565"
"eastern cape","Public Health","2021/07/17 00:00:00","561"
"limpopo","Public Health","2021/12/11 00:00:00","2627"
"north west","Public Health","2022/11/30 00:00:00","598"
"limpopo","Public Health","2022/07/28 00:00:00","1674"
"gauteng","Private Health","2022/03/21 00:00:00","1424"
"mpumalanga","Public Health","2021/08/14 00:00:00","1708"
"mpumalanga","Private Health","2021/04/08 00:00:00","112"
"northern cape","Public Health","2022/05/13 00:00:00","1116"
"northern cape","Public Health","2022/05/31 00:00:00","871"
"mpumalanga","Public Health","2022/05/05 00:00:00","4443"
"free state","Public Health","2022/05/01 00:00:00","38"
"free state","Private Health","2022/06/21 00:00:00","213"
"north west","Public Health","2022/08/12 00:00:00","240"
"free state","Private Health","2022/07/08 00:00:00","113"
"free state","Public Health","2022/02/19 00:00:00","656"
"north west","Public Health","2021/03/04 00:00:00","447"
"kwazulu-natal","Private Health","2021/09/27 00:00:00","6554"
"kwazulu-natal","Private Health","2022/12/09 00:00:00","18"
"western cape","Public Health","2021/06/06 00:00:00","22"
"limpopo","Private Health","2022/01/23 00:00:00","29"
"mpumalanga","Public Health","2022/04/09 00:00:00","1330"
"northern cape","Public Health","2022/09/22 00:00:00","96"
"limpopo","Public Health","2022/11/11 00:00:00","1151"
"gauteng","Private Health","2021/03/14 00:00:00","3"
"western cape","Public Health","2021/05/04 00:00:00","1718"
"limpopo","Public Health","2022/02/27 00:00:00","89"
"north west","Public Health","2022/06/14 00:00:00","1810"
"northern cape","Private Health","2021/08/17 00:00:00","518"
"western cape","Private Health","2021/09/13 00:00:00","13960"
"limpopo","Public Health","2021/03/25 00:00:00","676"
"kwazulu-natal","Public Health","2022/07/29 00:00:00","2091"
"gauteng","Public Health","2022/04/08 00:00:00","7105"
"gauteng","Public Health","2022/09/23 00:00:00","878"
"north west","Private Health","2021/12/26 00:00:00","2"
"western cape","Private Health","2022/11/01 00:00:00","23"
"mpumalanga","Private Health","2022/04/30 00:00:00","191"
"western cape","Private Health","2022/05/22 00:00:00","39"
"gauteng","Private Health","2022/01/24 00:00:00","12229"
"gauteng","Private Health","2021/11/16 00:00:00","18331"
"gauteng","Public Health","2021/09/16 00:00:00","32954"
"free state","Public Health","2021/05/03 00:00:00","46"
"free state","Public Health","2022/06/09 00:00:00","2296"
"free state","Private Health","2022/04/12 00:00:00","572"
"limpopo","Private Health","2022/05/02 00:00:00","66"
"free state","Private Health","2021/07/02 00:00:00","920"
"western cape","Public Health","2022/03/12 00:00:00","701"
"limpopo","Private Health","2022/06/13 00:00:00","326"
"free state","Private Health","2021/09/20 00:00:00","2226"
"gauteng","Public Health","2022/04/03 00:00:00","244"
"north west","Public Health","2022/11/28 00:00:00","485"
"north west","Public Health","2021/09/25 00:00:00","2770"
"free state","Private Health","2021/09/02 00:00:00","3303"
"mpumalanga","Public Health","2021/05/04 00:00:00","171"
"limpopo","Private Health","2021/08/30 00:00:00","4773"
"kwazulu-natal","Private Health","2021/10/24 00:00:00","678"
"western cape","Private Health","2022/03/10 00:00:00","5069"
"northern cape","Public Health","2022/04/01 00:00:00","539"
"limpopo","Public Health","2022/01/16 00:00:00","32"
"kwazulu-natal","Private Health","2021/05/22 00:00:00","35"
"gauteng","Public Health","2021/09/22 00:00:00","25827"
"western cape","Public Health","2021/12/31 00:00:00","2191"
"gauteng","Private Health","2021/04/21 00:00:00","5"
"eastern cape","Private Health","2021/06/22 00:00:00","1393"
"northern cape","Public Health","2022/10/09 00:00:00","1"
"kwazulu-natal","Private Health","2021/05/31 00:00:00","1324"
"western cape","Public Health","2021/10/30 00:00:00","3550"
"north west","Private Health","2021/08/19 00:00:00","3948"
"north west","Private Health","2021/08/21 00:00:00","860"
"northern cape","Private Health","2022/01/13 00:00:00","653"
"free state","Private Health","2021/05/31 00:00:00","174"
"western cape","Private Health","2022/11/25 00:00:00","23"
"western cape","Private Health","2021/08/11 00:00:00","11813"
"north west","Private Health","2021/07/23 00:00:00","2842"
"kwazulu-natal","Public Health","2021/11/22 00:00:00","12361"
"gauteng","Public Health","2021/10/02 00:00:00","15514"
"northern cape","Public Health","2021/10/31 00:00:00","93"
"mpumalanga","Private Health","2021/05/15 00:00:00","2"
"limpopo","Private Health","2022/02/06 00:00:00","16"
"gauteng","Public Health","2021/03/01 00:00:00","3"
"free state","Private Health","2022/01/01 00:00:00","1"
"north west","Public Health","2021/08/29 00:00:00","2256"
"kwazulu-natal","Public Health","2022/02/15 00:00:00","11416"
"northern cape","Public Health","2021/10/05 00:00:00","3317"
"north west","Public Health","2021/10/09 00:00:00","7650"
"western cape","Private Health","2022/03/20 00:00:00","63"
"mpumalanga","Private Health","2021/06/21 00:00:00","305"
"kwazulu-natal","Private Health","2021/09/05 00:00:00","621"
"gauteng","Public Health","2021/10/13 00:00:00","32250"
"western cape","Public Health","2022/11/14 00:00:00","487"
"western cape","Public Health","2021/08/05 00:00:00","24011"
"north west","Private Health","2021/12/12 00:00:00","18"
"gauteng","Private Health","2021/06/04 00:00:00","7663"
"limpopo","Public Health","2021/05/30 00:00:00","2"
"gauteng","Private Health","2022/08/27 00:00:00","245"
"free state","Private Health","2022/07/24 00:00:00","3"
"gauteng","Public Health","2022/01/18 00:00:00","15867"
"eastern cape","Private Health","2021/05/05 00:00:00","66"
"limpopo","Private Health","2022/09/08 00:00:00","81"
"eastern cape","Private Health","2022/04/02 00:00:00","468"
"limpopo","Public Health","2022/02/04 00:00:00","4118"
"gauteng","Private Health","2021/12/21 00:00:00","10456"
"gauteng","Private Health","2021/08/29 00:00:00","5435"
"gauteng","Public Health","2022/05/27 00:00:00","6813"
"western cape","Private Health","2022/08/21 00:00:00","8"
"north west","Public Health","2022/10/05 00:00:00","236"
"kwazulu-natal","Public Health","2022/05/24 00:00:00","9384"
"free state","Public Health","2022/01/24 00:00:00","4639"
"north west","Private Health","2022/02/19 00:00:00","305"
"free state","Private Health","2022/07/13 00:00:00","72"
"gauteng","Private Health","2022/05/26 00:00:00","3528"
"north west","Public Health","2021/02/21 00:00:00","726"
"free state","Private Health","2022/07/04 00:00:00","106"
"eastern cape","Private Health","2022/11/16 00:00:00","19"
"eastern cape","Private Health","2022/01/05 00:00:00","1500"
"limpopo","Private Health","2022/11/11 00:00:00","99"
"north west","Public Health","2021/03/19 00:00:00","200"
"gauteng","Private Health","2022/08/07 00:00:00","22"
"kwazulu-natal","Public Health","2022/11/14 00:00:00","781"
"mpumalanga","Private Health","2022/07/01 00:00:00","229"
"eastern cape","Public Health","2022/01/23 00:00:00","151"
"mpumalanga","Private Health","2021/10/27 00:00:00","1929"
"free state","Public Health","2021/08/11 00:00:00","7622"
"mpumalanga","Private Health","2022/07/03 00:00:00","1"
"gauteng","Public Health","2021/07/30 00:00:00","34515"
"kwazulu-natal","Private Health","2022/04/14 00:00:00","1083"
"kwazulu-natal","Private Health","2021/09/03 00:00:00","10911"
"mpumalanga","Public Health","2021/03/20 00:00:00","1"
"mpumalanga","Public Health","2022/08/28 00:00:00","14"
"eastern cape","Public Health","2022/04/26 00:00:00","8748"
"limpopo","Public Health","2022/06/26 00:00:00","24"
"western cape","Private Health","2022/04/25 00:00:00","2550"
"western cape","Private Health","2022/07/15 00:00:00","520"
"limpopo","","2022/11/11 00:00:00","2"
"gauteng","Public Health","2021/03/23 00:00:00","1351"
"limpopo","Private Health","2022/01/12 00:00:00","1637"
"mpumalanga","Private Health","2021/10/12 00:00:00","3026"
"kwazulu-natal","Private Health","2021/09/25 00:00:00","2923"
"kwazulu-natal","Public Health","2022/07/28 00:00:00","3444"
"mpumalanga","Public Health","2022/08/08 00:00:00","770"
"free state","Private Health","2022/06/01 00:00:00","295"
"gauteng","Private Health","2021/05/31 00:00:00","8058"
"limpopo","Private Health","2021/10/11 00:00:00","4189"
"gauteng","Public Health","2022/03/20 00:00:00","1255"
"north west","Private Health","2022/03/19 00:00:00","190"
"eastern cape","Public Health","2022/02/23 00:00:00","7635"
"kwazulu-natal","Public Health","2021/05/17 00:00:00","6118"
"north west","Public Health","2021/10/05 00:00:00","9621"
"free state","Public Health","2022/03/10 00:00:00","6858"
"mpumalanga","Private Health","2021/11/28 00:00:00","2"
"kwazulu-natal","Private Health","2021/05/28 00:00:00","892"
"western cape","Public Health","2022/02/28 00:00:00","9204"
"western cape","Public Health","2022/10/30 00:00:00","5"
"eastern cape","Private Health","2021/03/19 00:00:00","327"
"kwazulu-natal","Public Health","2021/12/03 00:00:00","16009"
"mpumalanga","Public Health","2022/01/01 00:00:00","28"
"north west","Public Health","2021/02/18 00:00:00","270"
"northern cape","Public Health","2021/08/28 00:00:00","1134"
"northern cape","Public Health","2022/07/04 00:00:00","702"
"western cape","Public Health","2021/04/18 00:00:00","1"
"western cape","Private Health","2022/08/04 00:00:00","185"
"eastern cape","Public Health","2022/11/23 00:00:00","1134"
"gauteng","Public Health","2022/08/03 00:00:00","1316"
"eastern cape","Private Health","2022/12/10 00:00:00","9"
"kwazulu-natal","Private Health","2021/07/13 00:00:00","19"
"kwazulu-natal","Private Health","2021/05/20 00:00:00","531"
"mpumalanga","Private Health","2021/09/01 00:00:00","3589"
"north west","Public Health","2021/11/18 00:00:00","6250"
"gauteng","Private Health","2022/02/26 00:00:00","5503"
"western cape","Private Health","2022/07/12 00:00:00","475"
"northern cape","Private Health","2022/04/17 00:00:00","1"
"kwazulu-natal","Public Health","2021/07/20 00:00:00","42022"
"north west","Private Health","2022/04/13 00:00:00","745"
"kwazulu-natal","Private Health","2022/09/16 00:00:00","46"
"kwazulu-natal","Public Health","2021/03/19 00:00:00","1080"
"northern cape","Private Health","2021/10/25 00:00:00","1025"
"kwazulu-natal","Public Health","2022/04/29 00:00:00","7410"
"north west","Private Health","2021/08/17 00:00:00","3976"
"western cape","Public Health","2021/11/09 00:00:00","14085"
"northern cape","Private Health","2022/03/22 00:00:00","355"
"western cape","Public Health","2021/05/26 00:00:00","7422"
"free state","Public Health","2022/03/05 00:00:00","471"
"western cape","Public Health","2021/12/17 00:00:00","7125"
"limpopo","Private Health","2022/10/02 00:00:00","5"
"northern cape","Public Health","2021/03/28 00:00:00","144"
"northern cape","Public Health","2022/06/17 00:00:00","664"
"northern cape","Private Health","2021/11/15 00:00:00","821"
"eastern cape","Public Health","2021/08/31 00:00:00","32052"
"western cape","Public Health","2021/07/12 00:00:00","18222"
"north west","Public Health","2022/01/21 00:00:00","4183"
"northern cape","Private Health","2022/02/27 00:00:00","27"
"north west","Private Health","2021/11/18 00:00:00","2142"
"gauteng","Public Health","2021/11/20 00:00:00","5797"
"limpopo","Public Health","2022/02/06 00:00:00","51"
"eastern cape","Private Health","2022/10/06 00:00:00","16"
"limpopo","Public Health","2022/07/19 00:00:00","900"
"free state","Public Health","2021/11/19 00:00:00","6782"
"limpopo","Private Health","2022/06/11 00:00:00","117"
"western cape","Public Health","2022/11/18 00:00:00","583"
"western cape","Private Health","2022/05/31 00:00:00","1141"
"gauteng","Private Health","2021/10/18 00:00:00","21882"
"western cape","Private Health","2021/09/11 00:00:00","2461"
"mpumalanga","Private Health","2021/11/12 00:00:00","2079"
"western cape","Public Health","2022/03/15 00:00:00","7822"
"north west","Private Health","2021/08/10 00:00:00","3864"
"limpopo","Public Health","2022/03/17 00:00:00","5753"
"north west","Private Health","2022/09/05 00:00:00","37"
"north west","Public Health","2022/02/08 00:00:00","3613"
"western cape","Private Health","2021/02/28 00:00:00","339"
"mpumalanga","Public Health","2022/02/09 00:00:00","2956"
"limpopo","Public Health","2021/10/12 00:00:00","20806"
"gauteng","Public Health","2021/02/25 00:00:00","1923"
"kwazulu-natal","Private Health","2022/09/07 00:00:00","70"
"gauteng","Private Health","2022/05/18 00:00:00","4197"
"northern cape","Public Health","2021/07/12 00:00:00","3298"
"gauteng","Public Health","2022/08/31 00:00:00","1119"
"gauteng","Private Health","2022/02/20 00:00:00","352"
"free state","Public Health","2021/07/06 00:00:00","6494"
"kwazulu-natal","Public Health","2021/10/06 00:00:00","17103"
"limpopo","Private Health","2022/12/10 00:00:00","17"
"eastern cape","Private Health","2022/05/18 00:00:00","665"
"kwazulu-natal","Public Health","2021/10/01 00:00:00","20920"
"western cape","Public Health","2021/03/15 00:00:00","92"
"gauteng","Public Health","2022/05/21 00:00:00","851"
"western cape","Private Health","2021/10/24 00:00:00","212"
"gauteng","Public Health","2022/07/23 00:00:00","183"
"limpopo","Private Health","2022/02/02 00:00:00","1093"
"free state","Public Health","2021/09/09 00:00:00","10432"
"western cape","Public Health","2021/03/02 00:00:00","765"
"free state","Public Health","2021/07/20 00:00:00","11721"
"western cape","Private Health","2022/04/24 00:00:00","36"
"mpumalanga","Private Health","2022/01/16 00:00:00","45"
"gauteng","Private Health","2022/04/25 00:00:00","6019"
"gauteng","Private Health","2021/08/07 00:00:00","6346"
"kwazulu-natal","Public Health","2022/04/22 00:00:00","7842"
"free state","Private Health","2021/11/29 00:00:00","2590"
"gauteng","Private Health","2022/03/27 00:00:00","485"
"gauteng","Private Health","2022/09/29 00:00:00","332"
"eastern cape","Public Health","2021/06/04 00:00:00","4173"
"mpumalanga","Private Health","2022/01/01 00:00:00","12"
"north west","Private Health","2021/06/14 00:00:00","270"
"western cape","Public Health","2021/08/18 00:00:00","24631"
"free state","Private Health","2021/12/25 00:00:00","17"
"mpumalanga","Private Health","2021/12/16 00:00:00","73"
"northern cape","Public Health","2021/12/31 00:00:00","67"
"north west","Public Health","2021/03/11 00:00:00","185"
"western cape","Public Health","2021/12/06 00:00:00","11023"
"mpumalanga","Private Health","2021/06/09 00:00:00","170"
"gauteng","Public Health","2022/11/09 00:00:00","1462"
"north west","Public Health","2022/09/12 00:00:00","179"
"western cape","Public Health","2022/10/03 00:00:00","342"
"free state","","2022/12/07 00:00:00","6"
"mpumalanga","Private Health","2021/08/20 00:00:00","3724"
"northern cape","Public Health","2021/05/11 00:00:00","354"
"western cape","Public Health","2022/06/04 00:00:00","156"
"kwazulu-natal","Public Health","2022/02/28 00:00:00","14781"
"free state","Public Health","2021/03/03 00:00:00","711"
"free state","Public Health","2022/06/20 00:00:00","1819"
"western cape","Private Health","2021/06/04 00:00:00","1914"
"western cape","Private Health","2022/03/19 00:00:00","1641"
"kwazulu-natal","Public Health","2022/04/30 00:00:00","1132"
"northern cape","Public Health","2021/12/22 00:00:00","564"
"western cape","Private Health","2021/08/07 00:00:00","2106"
"northern cape","Public Health","2021/12/26 00:00:00","1"
"gauteng","Public Health","2022/10/19 00:00:00","1335"
"western cape","Private Health","2022/03/16 00:00:00","4665"
"western cape","Public Health","2021/07/10 00:00:00","1241"
"kwazulu-natal","Public Health","2021/10/22 00:00:00","21753"
"mpumalanga","Public Health","2021/07/16 00:00:00","8957"
"gauteng","Private Health","2022/10/14 00:00:00","324"
"eastern cape","Private Health","2021/09/27 00:00:00","3715"
"western cape","Public Health","2021/12/13 00:00:00","8388"
"mpumalanga","","2022/11/17 00:00:00","1"
"free state","Public Health","2021/12/10 00:00:00","5767"
"mpumalanga","Private Health","2021/09/04 00:00:00","348"
"mpumalanga","Public Health","2022/11/17 00:00:00","572"
"limpopo","Public Health","2022/05/13 00:00:00","5200"
"north west","Private Health","2022/04/04 00:00:00","941"
"northern cape","Private Health","2022/04/12 00:00:00","204"
"gauteng","Private Health","2022/06/18 00:00:00","1155"
"eastern cape","Public Health","2021/11/27 00:00:00","1707"
"western cape","Private Health","2022/03/24 00:00:00","4175"
"north west","Public Health","2022/09/13 00:00:00","228"
"north west","Public Health","2021/11/10 00:00:00","7097"
"eastern cape","Private Health","2021/06/17 00:00:00","1111"
"eastern cape","Private Health","2021/07/11 00:00:00","15"
"kwazulu-natal","Public Health","2022/02/26 00:00:00","2397"
"western cape","Private Health","2021/12/08 00:00:00","6644"
"mpumalanga","Private Health","2022/04/04 00:00:00","577"
"free state","Public Health","2022/07/25 00:00:00","1138"
"eastern cape","Public Health","2022/03/05 00:00:00","874"
"limpopo","Private Health","2022/10/10 00:00:00","27"
"free state","Public Health","2022/02/13 00:00:00","13"
"kwazulu-natal","Public Health","2021/08/04 00:00:00","23856"
"gauteng","Private Health","2022/06/11 00:00:00","1481"
"western cape","Private Health","2022/01/18 00:00:00","5581"
"gauteng","Private Health","2022/05/12 00:00:00","4796"
"limpopo","Private Health","2022/06/14 00:00:00","392"
"mpumalanga","Private Health","2021/03/12 00:00:00","342"
"kwazulu-natal","Public Health","2022/03/16 00:00:00","11512"
"free state","Public Health","2021/12/29 00:00:00","3010"
"northern cape","Private Health","2022/11/11 00:00:00","11"
"western cape","Public Health","2022/07/09 00:00:00","14"
"western cape","Private Health","2022/09/11 00:00:00","1"
"mpumalanga","Private Health","2021/08/06 00:00:00","1622"
"mpumalanga","Private Health","2022/08/31 00:00:00","23"
"mpumalanga","Private Health","2021/08/11 00:00:00","2129"
"gauteng","Public Health","2021/04/13 00:00:00","422"
"western cape","Public Health","2021/03/01 00:00:00","458"
"limpopo","Public Health","2022/08/20 00:00:00","11"
"mpumalanga","Private Health","2022/03/13 00:00:00","37"
"eastern cape","Public Health","2022/05/16 00:00:00","7711"
"free state","Public Health","2022/05/14 00:00:00","145"
"limpopo","Public Health","2022/10/16 00:00:00","2"
"north west","Public Health","2022/04/14 00:00:00","1957"
"north west","Public Health","2021/03/23 00:00:00","363"
"northern cape","Private Health","2022/04/13 00:00:00","219"
"northern cape","Private Health","2022/01/26 00:00:00","337"
"gauteng","Public Health","2022/03/24 00:00:00","15693"
"limpopo","Private Health","2021/07/22 00:00:00","2967"
"kwazulu-natal","Public Health","2021/02/27 00:00:00","1"
"kwazulu-natal","Public Health","2021/02/23 00:00:00","1400"
"free state","Public Health","2022/08/26 00:00:00","569"
"free state","Private Health","2022/07/06 00:00:00","109"
"kwazulu-natal","Private Health","2022/04/24 00:00:00","102"
"kwazulu-natal","Public Health","2022/01/14 00:00:00","12003"
"eastern cape","Private Health","2022/11/09 00:00:00","23"
"free state","Public Health","2022/03/03 00:00:00","7276"
"kwazulu-natal","Public Health","2022/01/22 00:00:00","2474"
"eastern cape","Public Health","2022/11/26 00:00:00","9"
"gauteng","Private Health","2021/08/19 00:00:00","22988"
"kwazulu-natal","Public Health","2021/03/14 00:00:00","2"
"eastern cape","Public Health","2022/08/05 00:00:00","2303"
"western cape","Public Health","2022/10/19 00:00:00","610"
"free state","Private Health","2022/03/05 00:00:00","358"
"north west","Public Health","2022/06/15 00:00:00","1436"
"limpopo","Public Health","2022/10/19 00:00:00","1351"
"north west","Public Health","2022/06/30 00:00:00","759"
"northern cape","Public Health","2021/09/08 00:00:00","3756"
"eastern cape","Private Health","2021/11/06 00:00:00","636"
"eastern cape","Public Health","2022/01/14 00:00:00","5705"
"free state","Public Health","2022/02/21 00:00:00","5144"
"western cape","Public Health","2022/06/17 00:00:00","2060"
"eastern cape","Public Health","2021/10/13 00:00:00","20627"
"limpopo","Public Health","2022/01/04 00:00:00","6181"
"eastern cape","Private Health","2022/02/04 00:00:00","1467"
"north west","Public Health","2021/03/29 00:00:00","428"
"western cape","Private Health","2022/03/14 00:00:00","4894"
"northern cape","Private Health","2022/04/01 00:00:00","444"
"eastern cape","Private Health","2022/03/18 00:00:00","1909"
"gauteng","Public Health","2022/07/17 00:00:00","75"
"gauteng","Public Health","2022/08/15 00:00:00","1303"
"western cape","Private Health","2022/02/09 00:00:00","3750"
"limpopo","Private Health","2022/04/06 00:00:00","1095"
"eastern cape","Public Health","2021/12/01 00:00:00","14414"
"limpopo","Public Health","2022/08/23 00:00:00","1051"
"mpumalanga","Private Health","2022/03/28 00:00:00","749"
"northern cape","Public Health","2021/09/14 00:00:00","4348"
"kwazulu-natal","Private Health","2021/09/16 00:00:00","8645"
"northern cape","Public Health","2022/05/06 00:00:00","938"
"mpumalanga","Public Health","2022/10/18 00:00:00","828"
"eastern cape","Private Health","2022/01/24 00:00:00","1886"
"gauteng","Public Health","2022/08/14 00:00:00","58"
"mpumalanga","Private Health","2021/11/18 00:00:00","1322"
"limpopo","Public Health","2021/10/14 00:00:00","27161"
"mpumalanga","Public Health","2021/10/17 00:00:00","370"
"gauteng","Public Health","2022/06/29 00:00:00","2650"
"northern cape","Private Health","2022/01/04 00:00:00","391"
"north west","Public Health","2022/05/26 00:00:00","2728"
"free state","Public Health","2022/05/26 00:00:00","3505"
"eastern cape","Private Health","2022/02/20 00:00:00","3"
"gauteng","Private Health","2021/05/10 00:00:00","1055"
"north west","Private Health","2021/11/14 00:00:00","29"
"eastern cape","Public Health","2021/04/23 00:00:00","1"
"limpopo","Private Health","2022/02/12 00:00:00","485"
"gauteng","Public Health","2022/03/09 00:00:00","13898"
"north west","Private Health","2022/05/17 00:00:00","580"
"kwazulu-natal","Private Health","2021/05/25 00:00:00","686"
"eastern cape","Private Health","2022/03/23 00:00:00","1689"
"kwazulu-natal","Public Health","2021/08/26 00:00:00","22445"
"limpopo","Public Health","2022/12/01 00:00:00","756"
"kwazulu-natal","Private Health","2021/11/01 00:00:00","1712"
"eastern cape","Public Health","2022/03/24 00:00:00","9107"
"free state","Private Health","2022/02/06 00:00:00","38"
"kwazulu-natal","Public Health","2021/03/03 00:00:00","835"
"gauteng","Public Health","2022/05/05 00:00:00","8019"
"kwazulu-natal","Private Health","2022/06/20 00:00:00","504"
"gauteng","Public Health","2022/03/06 00:00:00","3440"
"kwazulu-natal","Private Health","2021/07/06 00:00:00","6182"
"western cape","Private Health","2022/05/30 00:00:00","1214"
"mpumalanga","Public Health","2022/06/06 00:00:00","3233"
